 0.00000000000000e+00   0.00000000000000e+00   1.00000000000000e+00   3.17968545779765e-02
 3.59110362262000e-01   0.00000000000000e+00   9.33295102160000e-01   1.25569720947556e-01
-5.08959900291000e-01  -8.60764246602000e-01  -6.68817376600000e-03  -5.91261466211301e-02
-3.19525291396000e-01  -9.11705999447000e-01   2.58255220143000e-01   2.06417281482440e-01
-4.91004782859000e-01   3.30727882608000e-01  -8.05936331775000e-01   2.09457019511639e-02
-2.60864131215000e-01   5.87769486237000e-01  -7.65817821740000e-01   1.45899224429778e-01
-5.18261187897000e-01  -2.74151917564000e-01  -8.10090159930000e-01  -1.70865173586665e-03
-6.42530751151000e-01   3.80122655440000e-02  -7.65316471463000e-01   1.82164864928032e-01
 7.72709361559000e-01  -6.33824051004000e-01   3.44574364680000e-02   9.16418658945351e-02
-8.20885154715000e-01  -4.72033231576000e-01   3.21453248632000e-01  -2.09845405310601e-02
 1.71158649360000e-01   2.78156783636000e-01   9.45163224246000e-01   1.28548117829694e-01
-3.13500831828000e-01  -5.52795729252000e-01   7.72097215487000e-01   2.24866704914407e-01
 8.53191717391000e-01   1.87897981453000e-01  -4.86578094390000e-01   8.40545795730024e-02
 9.56189638141000e-01   2.25229375035000e-01   1.87010974367000e-01   1.38535615338966e-01
 7.16243146295000e-01   3.22306928405000e-01   6.18962033802000e-01   9.87352413567090e-02
 6.48829487040000e-01   9.07348624160000e-02  -7.55504785881000e-01   1.42849027137972e-01
-7.45790930357000e-01   6.66121748079000e-01   8.81504020600000e-03   1.96048645215706e-01
 9.48273341069000e-01  -9.08807782540000e-02  -3.04168300060000e-01   1.47691509495873e-01
-2.67702233540000e-02  -3.06026778110000e-02  -9.99173073723000e-01   6.24750876513172e-02
 4.88346505710000e-01  -6.93640783439000e-01  -5.29509352053000e-01  -3.87312590055744e-02
 1.72528380618000e-01  -2.93580608794000e-01  -9.40236344767000e-01   1.20358704570727e-01
-8.41960927255000e-01  -4.50462764239000e-01  -2.96959753183000e-01  -2.10156636793001e-02
-1.39079613240000e-01  -9.90281186189000e-01   1.82925473000000e-04   1.07754411193424e-01
 3.53142524742000e-01  -5.17446488044000e-01  -7.79448195347000e-01   1.69548468122187e-01
-3.43518579144000e-01   7.81535802500000e-03   9.39113361614000e-01   9.56207983316520e-02
-3.28207701739000e-01  -5.53312085648000e-01  -7.65588296930000e-01   1.80566257135304e-01
-2.85640221113000e-01   8.24211090926000e-01  -4.88963947215000e-01   7.34852403516797e-02
 9.99298467183000e-01  -3.70126029230000e-02   5.71320496200000e-03   7.16971843044693e-02
 3.16558523940000e-01  -5.48984658767000e-01   7.73567414877000e-01   2.09345795921419e-01
-6.34696669218000e-01  -5.11398943840000e-01  -5.79336912618000e-01   1.35147160738649e-01
 4.68532175621000e-01   3.20350032203000e-01   8.23318563665000e-01   7.99593415172088e-02
-6.04269565671000e-01  -7.37092208219000e-01   3.02577871939000e-01   1.80085440747024e-01
 9.33668130470000e-01  -3.58136212735000e-01  -1.50840086600000e-03   1.47995483096747e-01
 3.46016082808000e-01   8.20033362365000e-01   4.55870765729000e-01   6.42736786295397e-02
-9.19714539165000e-01   3.92060296186000e-01   2.03443014900000e-02   6.78761217352213e-02
 5.98448787728000e-01  -7.36582728463000e-01   3.15126851595000e-01   1.69042374396459e-01
-3.10722435431000e-01  -7.80226581955000e-01   5.42860984904000e-01  -3.76889375008195e-02
-9.54796250654000e-01  -1.35728130220000e-01  -2.64465488115000e-01   1.98398144391477e-01
 3.28279954511000e-01  -7.71709961118000e-01   5.44698088281000e-01  -2.30829744686891e-02
 3.56164602458000e-01   9.15924853127000e-01  -1.85009295386000e-01   1.14124439322299e-01
-6.47573669641000e-01  -7.13615062136000e-01  -2.67211312410000e-01   2.01645834107128e-01
 1.80723346554000e-01  -9.83244509852000e-01  -2.38601310930000e-02   1.22960378716432e-01
 6.76649739527000e-01  -4.47120644738000e-01  -5.85002785504000e-01   1.81440790860413e-01
 6.33727289055000e-01   7.38557645605000e-01   2.30048532329000e-01   1.09243603077871e-01
-7.40247056879000e-01   3.26988021692000e-01   5.87463299664000e-01   1.62273286372702e-01
 5.79792564215000e-01   6.08317498615000e-01   5.42024356796000e-01   1.10886596273237e-01
-3.06534292576000e-01  -9.14004942633000e-01  -2.65766236224000e-01   2.11712670520102e-01
 1.38681705698000e-01   2.40089160166000e-01  -9.60793723791000e-01   1.07712136599813e-01
-1.88923511190000e-01  -3.06634439189000e-01  -9.32889718896000e-01   1.43146422737163e-01
 9.40041002822000e-01  -1.69707724872000e-01   2.95841513536000e-01   9.79991842448776e-02
 7.72404134404000e-01  -2.41656859154000e-01   5.87361741671000e-01   1.45228075634280e-01
-7.84189943416000e-01  -2.36655209742000e-01  -5.73620470648000e-01   1.80191457092685e-01
-5.59307235096000e-01   7.74248984465000e-01  -2.96165370738000e-01   1.53073554073298e-01
-4.83331328185000e-01   3.31871244470000e-01   8.10094009537000e-01  -2.74842536959565e-04
-9.42467320176000e-01  -3.34175102411000e-01   9.07476327400000e-03   1.28595495433655e-01
-1.30665040694000e-01  -7.94521336338000e-01  -5.93011376994000e-01   1.32020973544160e-01
 6.60538942978000e-01   4.26116728391000e-01  -6.18152763154000e-01   8.52771589902120e-02
-4.32076531509000e-01  -7.46472742590000e-01  -5.06051692507000e-01  -1.72303904890845e-02
 8.74058879145000e-01   8.44802129440000e-02   4.78418404129000e-01   7.92268838246886e-02
-5.86248613646000e-01  -5.64679467586000e-01   5.80904176164000e-01   1.02039643822595e-01
 5.76535478187000e-01   7.00493225175000e-01  -4.20613936854000e-01   8.61696941652465e-02
-9.38324033283000e-01   2.32856172817000e-01  -2.55589536843000e-01   2.18627608769195e-01
 7.97822768635000e-01  -1.45706573508000e-01  -5.85020020412000e-01   9.15873975277556e-02
-7.37439734070000e-01   3.54607717178000e-01  -5.74835633492000e-01   1.93350510922234e-01
 1.07502079800000e-03  -5.58187996658000e-01   8.29713808923000e-01  -7.42688812505325e-02
 9.54698418060000e-01   2.47247396328000e-01  -1.65588814728000e-01   8.26298717549632e-02
-2.48146667467000e-01   9.53060747291000e-01  -1.73489029622000e-01   1.24640615103428e-01
 3.65713098260000e-02   7.86965531072000e-01   6.15912162733000e-01   1.46270954727281e-01
-9.30415799906000e-01   2.17502991454000e-01   2.94989640487000e-01   2.33097026597352e-01
-5.51321678849000e-01   5.98557571996000e-01   5.81182621417000e-01   1.28069247624525e-01
-1.82341188956000e-01   2.96531424229000e-01   9.37454428361000e-01   1.68330112573761e-01
 7.59072417890000e-02   5.29765261310000e-01  -8.44740704923000e-01   7.76755896457083e-02
-8.55782360455000e-01   6.66669733460000e-02  -5.13022481183000e-01  -7.08093954009586e-02
-5.45494325843000e-01   7.77803596367000e-01   3.12181847569000e-01   1.51494846165330e-01
 4.31086184861000e-01   3.17085801802000e-01  -8.44761087834000e-01   7.60245653306641e-02
 8.93793473800000e-03  -7.92719171437000e-01   6.09521475060000e-01   2.69021945799377e-01
-6.27906201066000e-01   2.89038622130000e-02   7.77752125945000e-01   2.27215413108465e-01
 1.05903076100000e-03   7.67380285672000e-01  -6.41191372069000e-01   9.20534280528409e-02
 1.22014649880000e-02  -5.69965732422000e-01  -8.21577864914000e-01   1.11789105358173e-02
 8.15781485519000e-01   4.68612809180000e-01   3.38972864632000e-01   9.86429085379516e-02
 6.76020703195000e-01  -6.86018275977000e-01  -2.69025898154000e-01   1.91769199666648e-01
 6.52030059397000e-01   2.19110650790000e-02   7.57876445649000e-01   1.21977101383515e-01
 8.17082536899000e-01  -4.73580079999000e-01   3.28782657271000e-01   6.38080069363359e-02
 6.01682871947000e-01  -5.39248595417000e-01   5.89227183645000e-01   9.97501592629653e-02
-2.65664162025000e-01   8.29579339510000e-01   4.91142212066000e-01   3.10291376017930e-02
 3.56087479796000e-01  -8.86074177026000e-01  -2.96773077521000e-01   1.80160614849621e-01
-3.57272548494000e-01   6.12163561600000e-03  -9.33980113102000e-01   1.25647880264851e-01
 5.18169436276000e-01  -8.55239271016000e-01  -8.13785116500000e-03  -1.73085180243820e-03
 5.11238599169000e-01  -2.82113252876000e-01   8.11817225286000e-01   2.97162394418439e-02
 1.86299168957000e-01  -7.78749255700000e-01  -5.99034403346000e-01   1.63049916880845e-01
 3.19150612511000e-01   6.00024554247000e-01   7.33562145175000e-01   1.30178325385054e-01
-4.95576071681000e-01   8.68497451034000e-01   1.07951250310000e-02   3.41546682336282e-03
 8.49213285687000e-01   5.27799837287000e-01   1.62519897860000e-02   8.85051717043301e-02
-1.88752247377000e-01   2.97849449205000e-01  -9.35766153864000e-01   1.26488876190863e-01
 5.36067197583000e-01  -2.41338219203000e-01  -8.08942410575000e-01   3.14930844878398e-02
 2.22878515000000e-03  -9.46300911470000e-01   3.23279472697000e-01   1.25061492953952e-02
 6.38399830271000e-01   7.63361147248000e-01  -9.86175216760000e-02   9.41010408937438e-02
 2.58580957380000e-02   9.41090888262000e-01  -3.37163608527000e-01   1.24651825662646e-01
 3.51104200921000e-01  -1.34782449540000e-02  -9.36239380185000e-01   1.28401497353349e-01
-7.90166572018000e-01   5.33705469406000e-01  -3.01322518891000e-01   2.59213786427746e-03
 3.70856176623000e-01   9.18345597914000e-01   1.38228286004000e-01   1.30759368697648e-01
-2.29420247229000e-01   9.55688783608000e-01   1.84459478063000e-01   1.61399894908537e-01
 2.87655902242000e-01   8.22073696998000e-01  -4.91374519699000e-01   8.72919417864393e-02
-9.44251581342000e-01  -1.60485846692000e-01   2.87459987031000e-01   1.99496960533335e-01
-9.99285416596000e-01   3.26750263380000e-02   1.89999692680000e-02  -3.88399446874453e-02
-7.53210233478000e-01  -2.83532048053000e-01   5.93535105879000e-01   2.19679416272740e-01
 8.06603233537000e-01   5.00487762738000e-01  -3.14488828096000e-01   1.42546448800791e-01
-2.76219788246000e-01   6.05615275710000e-01   7.46279281776000e-01   1.50625627990125e-01
 3.15675707672000e-01  -9.12587063706000e-01   2.59872466302000e-01   1.76695007860988e-01
 2.26558991470000e-02  -9.44498839107000e-01  -3.27732593984000e-01   8.01041165846918e-03
 8.56628760904000e-01  -4.11968306613000e-01  -3.10595042360000e-01   2.06709611371398e-02
 2.15655777530000e-02   5.43432885112000e-01   8.39175562821000e-01   2.95988260296226e-02
 3.70075710916000e-01   6.01857282806000e-01  -7.07680563053000e-01   1.43184662273152e-01
 1.77773859775000e-01  -2.82052437529000e-01   9.42784639918000e-01   1.37390044187250e-01
 6.39544623550000e-02   9.43474564621000e-01   3.25216193721000e-01   1.06527850654921e-01
-5.03494178806000e-01  -2.83393142339000e-01   8.16199692957000e-01  -4.47625654050357e-02
-8.43497886070000e-01   1.96243910140000e-02   5.36773881139000e-01  -9.31200550127553e-02
 6.36086576560000e-02   9.97952015027000e-01  -6.76124069100000e-03   5.70473026974055e-02
-1.75291587053000e-01  -2.84614721854000e-01   9.42479347048000e-01   1.87736175706103e-01
-5.38109725129000e-01   6.09221712273000e-01  -5.82483329390000e-01   9.59607425922475e-02
-7.78873814801000e-01  -6.26708999140000e-01   2.43189435300000e-02   1.61608358732540e-01
