 0.00000000000000e+00   0.00000000000000e+00   1.00000000000000e+00   9.10378513107148e-02
 6.56837312407000e-01   0.00000000000000e+00  -7.54032323598000e-01   8.69650230244150e-02
-1.29264005505000e-01   2.46014307945000e-01  -9.60608024726000e-01   9.06873016256379e-02
-8.33262620511000e-01  -5.26340447550000e-01   1.69231021189000e-01   8.06546416841183e-02
-8.02293405430000e-02   9.24857946134000e-01   3.71753994448000e-01   8.73954568917302e-02
 4.55868572666000e-01   2.19993249338000e-01  -8.62430759366000e-01   8.57967515751198e-02
-2.46725860620000e-02  -5.13751791986000e-01   8.57584024879000e-01   8.90398554874967e-02
-3.01806676831000e-01   8.49888956579000e-01  -4.31973947485000e-01   8.56649492293766e-02
 9.28687842205000e-01   1.50314697500000e-02   3.70557615840000e-01   8.63720259968887e-02
-6.45431752620000e-01   3.32099515786000e-01   6.87842834029000e-01   7.96390784708431e-02
-7.03921343854000e-01   5.39419814239000e-01  -4.62083331958000e-01   8.82024339413846e-02
 1.91540522433000e-01   9.58261079272000e-01   2.12244981608000e-01   8.76337468642590e-02
 4.78041132985000e-01   8.25995795781000e-01   2.98676447893000e-01   8.73492730373904e-02
-8.72684493172000e-01  -7.06016225720000e-02  -4.83153377581000e-01   9.19357400649807e-02
 2.69595998457000e-01   9.07477003772000e-01  -3.22185482667000e-01   9.01050849281422e-02
 8.50678213638000e-01   5.06233301386000e-01   1.41684231338000e-01   8.55371477073720e-02
 6.52141669396000e-01   5.77119104941000e-01  -4.91573780576000e-01   9.14234650744556e-02
 5.58120037030000e-02  -1.93795843297000e-01  -9.79453006205000e-01   9.09998668904688e-02
-2.03271729852000e-01  -2.59449917895000e-01   9.44121996326000e-01   8.77826354129723e-02
-9.57375219689000e-01  -2.60818679771000e-01   1.24122137459000e-01   8.74108397226491e-02
-4.25782477267000e-01  -7.09376223552000e-01   5.61689109304000e-01   8.77787438200794e-02
 2.17279515962000e-01   8.48719148078000e-01   4.82146678542000e-01   8.77655225481759e-02
 3.29503938714000e-01  -4.72092199370000e-02   9.42973193641000e-01   8.81842390565715e-02
 8.07046464793000e-01  -1.93944285377000e-01   5.57728982424000e-01   8.94956939487645e-02
-4.24971312366000e-01  -7.00888001429000e-01  -5.72848490545000e-01   8.07388235961352e-02
-1.61072097625000e-01  -9.66511253467000e-01  -1.99779318969000e-01   8.59169982989110e-02
-1.46667776290000e-01  -7.15644608835000e-01   6.82891907437000e-01   8.28596290016461e-02
-1.25477972959000e-01   9.89466501145000e-01   7.21894827030000e-02   8.97905168294881e-02
 3.57432841638000e-01  -7.90756715126000e-01  -4.96936194296000e-01   8.70147300277155e-02
 5.52418652531000e-01   7.91220229820000e-01  -2.62305509396000e-01   8.50440632315551e-02
-2.02705448704000e-01  -4.15020766660000e-02  -9.78359892217000e-01   8.39216483503409e-02
 4.83317929998000e-01  -6.46462737463000e-01   5.90330168308000e-01   8.97927610349416e-02
-3.30614954015000e-01   7.94077243670000e-01   5.10034394200000e-01   8.65839558497037e-02
 6.03451036520000e-01  -5.47663435114000e-01  -5.79578819802000e-01   8.73284968296972e-02
 6.70934720919000e-01   7.38616832298000e-01   6.55116425590000e-02   8.94579926960047e-02
-1.78640868766000e-01  -9.76540384111000e-01   1.20234430207000e-01   8.82485572992783e-02
-6.62369770412000e-01  -5.45768293305000e-01  -5.13228270136000e-01   9.07097491828916e-02
 6.99505037347000e-01   6.07155289683000e-01   3.76902052178000e-01   8.66780440890876e-02
 3.88191929125000e-01   4.42345099389000e-01   8.08478719082000e-01   8.74275524316399e-02
-6.76253306166000e-01  -6.93128718570000e-01  -2.49507605881000e-01   8.91851316365996e-02
-1.24705504956000e-01   2.70241718767000e-01   9.54682120117000e-01   8.19431123825394e-02
 4.31169243100000e-02   4.92020210804000e-01   8.69515406993000e-01   9.07419605160393e-02
-6.10982390984000e-01   3.58572096369000e-01  -7.05780822644000e-01   8.88846537224407e-02
 1.73675681335000e-01   6.64931287675000e-01  -7.26431786462000e-01   9.05773254086070e-02
 9.35951819738000e-01  -3.48520543687000e-01  -5.02754588040000e-02   8.90913773745655e-02
 7.66590114898000e-01   1.11377811266000e-01   6.32403809997000e-01   8.80992544120708e-02
 6.54058165888000e-01   4.06686709839000e-01   6.37819594929000e-01   8.75572127448865e-02
 3.71049148399000e-01  -9.07796208688000e-01  -1.95521285194000e-01   8.61306967762385e-02
-5.93926362018000e-01   5.34678039210000e-02   8.02740724296000e-01   8.70552812454904e-02
-2.14954558613000e-01  -3.50783229551000e-01  -9.11452502107000e-01   8.68556355101793e-02
 7.83489647513000e-01  -2.29790928799000e-01  -5.77356130375000e-01   8.36339790860954e-02
 5.98495975663000e-01  -1.10842992898000e-01   7.93420694235000e-01   8.69915780206682e-02
-3.47156950156000e-01   4.56463272102000e-01  -8.19221174763000e-01   8.83614712221451e-02
 4.53908218189000e-01   5.06516795058000e-01  -7.33081213636000e-01   8.62967603600708e-02
-6.04039481225000e-01   7.95914287208000e-01   4.07032251770000e-02   8.93651685894118e-02
-8.86784205690000e-02   9.60828024876000e-01  -2.62575026112000e-01   8.94354092116573e-02
-6.67360145980000e-01  -7.42818781110000e-01   5.33918906560000e-02   8.97964688281425e-02
 7.86975257150000e-01  -6.03019808932000e-01  -1.30526068923000e-01   8.00127164741418e-02
 6.03753253388000e-01  -7.39098853998000e-01   2.98688622217000e-01   8.80770141405944e-02
 5.24327991060000e-01   1.79574363248000e-01   8.32366028773000e-01   8.74248050173903e-02
-6.18368930340000e-02   7.62530499839000e-01   6.43990244861000e-01   8.87836561350066e-02
 1.35649444704000e-01   9.90717837300000e-02  -9.85791057892000e-01   8.83470932501918e-02
-4.29587541944000e-01  -8.45146438093000e-01  -3.18091247891000e-01   8.80081913302992e-02
-4.66719948298000e-01   6.46358030787000e-01  -6.03650383830000e-01   8.57515193459499e-02
-1.94866167044000e-01  -6.33279645139000e-01  -7.48988696840000e-01   8.90986871494581e-02
 8.13390878014000e-01  -5.58878676241000e-01   1.61399829019000e-01   8.64885699498970e-02
-4.49565514367000e-01  -8.50290776500000e-01   2.73672146356000e-01   8.80932527433747e-02
 2.37719513007000e-01  -6.10814310843000e-01   7.55245199127000e-01   8.98229387101504e-02
-6.78762787227000e-01   4.03224174040000e-02  -7.33249740083000e-01   8.74360948857399e-02
-3.45894168667000e-01  -4.99910059751000e-01   7.94007025310000e-01   8.70218711238833e-02
-3.75064670531000e-01   9.00482328268000e-01   2.20131936338000e-01   8.70515433708987e-02
 8.56969621822000e-01   6.35508401980000e-02  -5.11433630087000e-01   9.14043446084728e-02
 5.65454851517000e-01  -3.06662969787000e-01  -7.65649158464000e-01   9.08871546544767e-02
 3.71618552515000e-01  -3.59558984055000e-01   8.55930481063000e-01   9.07504343367977e-02
 2.99119222145000e-01  -3.43240123840000e-01  -8.90344825519000e-01   7.91855919300772e-02
-9.20213632508000e-01   2.52726453978000e-01   2.98891635891000e-01   8.64392943005039e-02
-6.98369324949000e-01  -2.62451373367000e-01  -6.65882544138000e-01   8.55526706065644e-02
 8.44524268910000e-01   3.50625771828000e-01  -4.04771944868000e-01   8.41124781000679e-02
 2.08094077059000e-01   3.81969023022000e-01  -9.00442402680000e-01   8.89099763494187e-02
 1.11843196915000e-01  -2.72822968986000e-01   9.55541064998000e-01   8.09157651752350e-02
 3.57831888297000e-01  -9.25912984740000e-01   1.21002001665000e-01   8.62812804908120e-02
-1.82917478679000e-01  -8.86710204639000e-01   4.24601235257000e-01   8.83988716992110e-02
-9.66875966403000e-01  -1.90761613365000e-01  -1.69590307681000e-01   8.71592710353842e-02
 9.96315613497000e-01  -7.27804606110000e-02   4.53674206300000e-02   8.91729334361038e-02
-4.32225776753000e-01  -9.01226162541000e-01  -3.11814345770000e-02   8.44973588359810e-02
-8.81438874926000e-01   3.80617151417000e-01  -2.79635644753000e-01   8.40705063916450e-02
-3.67073120063000e-01   9.23251733066000e-01  -1.13417643765000e-01   8.62546958599686e-02
 6.05894808662000e-01  -3.95539296308000e-01   6.90246438537000e-01   8.09841649973741e-02
 9.20679828403000e-01  -2.81406162818000e-01   2.70479620489000e-01   8.78141985891534e-02
-9.96574688246000e-01   4.23477868670000e-02   7.10320751100000e-02   8.85413276746731e-02
 4.71186560070000e-02   8.53936952597000e-01  -5.18238857329000e-01   8.72042730989257e-02
-4.71538520219000e-01  -1.55293649427000e-01  -8.68064114220000e-01   9.03430345681143e-02
 1.38918385213000e-01   9.87408369385000e-01  -7.56729431090000e-02   7.88525181815252e-02
-9.39575674183000e-01   3.42184996192000e-01   1.03431554690000e-02   8.86984968651854e-02
-8.46438365837000e-01  -3.59782052096000e-01  -3.92554413843000e-01   8.21648612285333e-02
-8.19344281280000e-01   2.24072655759000e-01  -5.27699150725000e-01   8.50673141486197e-02
 1.05532796213000e-01  -8.12085305384000e-01   5.73916619120000e-01   8.87537543590922e-02
 6.01233553993000e-01  -7.99070140696000e-01  -2.26358125200000e-03   9.03915770380875e-02
 1.01750220280000e-01  -9.93870565350000e-01  -4.32225867210000e-02   8.96930209913862e-02
 9.72451470844000e-01   9.44575002990000e-02  -2.13110106494000e-01   8.85425587159955e-02
-3.21366299452000e-01   2.03772060940000e-02   9.46735692286000e-01   8.75730715256096e-02
-6.60447591509000e-01  -6.46379306097000e-01   3.82103090172000e-01   8.73278453795215e-02
-7.49253627541000e-01  -1.65244222828000e-01   6.41337156603000e-01   8.65052558683535e-02
 8.07803070404000e-01  -4.52332489447000e-01  -3.77954386714000e-01   9.01418046691661e-02
 8.61844544000000e-02  -7.55102127059000e-01  -6.49917700582000e-01   8.65802730751725e-02
-8.29718166173000e-01  -3.61288286709000e-01   4.25486237861000e-01   8.94826663705286e-02
 9.36156148237000e-01  -1.81559443417000e-01  -3.01077788328000e-01   8.54101423837134e-02
-4.32374850722000e-01   1.61448316094000e-01  -8.87122556186000e-01   8.67152640164046e-02
 5.21835690450000e-02  -5.09983215895000e-01  -8.58600020165000e-01   8.72804044085278e-02
-4.67277833778000e-01  -4.49879632593000e-01  -7.61091152384000e-01   8.77607972100221e-02
-8.06551917584000e-01   5.67125726555000e-01   1.66860464224000e-01   8.80064730780366e-02
-5.64872029528000e-01   7.69312401964000e-01  -2.98459408364000e-01   9.04485999273547e-02
-1.71472983466000e-01   7.17303330122000e-01  -6.75331732216000e-01   8.96178469227246e-02
 2.14212984605000e-01   6.65681814318000e-01   7.14829014040000e-01   7.91503664109207e-02
 4.27529289973000e-01   9.03973699668000e-01  -7.08918350300000e-03   8.93052440196784e-02
 3.87521634157000e-01  -6.27780956250000e-02  -9.19720551999000e-01   8.83395895612559e-02
 3.45426537386000e-01  -8.42389995489000e-01   4.13593523608000e-01   8.36483900117589e-02
-8.17893846665000e-01   1.27680804859000e-01   5.61023410972000e-01   8.97700890633676e-02
-7.63001912288000e-01   4.66162225089000e-01   4.47795557979000e-01   8.92479959369618e-02
 3.94054705230000e-01   7.44721570240000e-01  -5.38619227382000e-01   8.44741949381123e-02
-5.07152103412000e-01   5.88023774593000e-01   6.30099027549000e-01   8.88938763416731e-02
 4.82158515316000e-01   6.62836998660000e-01   5.72861483533000e-01   8.93109847966551e-02
-9.28524638212000e-01  -7.07082899170000e-02   3.64475422999000e-01   8.68375656099999e-02
 9.67792259922000e-01   2.08121209864000e-01   1.41646403552000e-01   8.59842636738926e-02
-7.74440837227000e-01   6.18032335880000e-01  -1.35194014079000e-01   8.45105875375086e-02
 7.46999646104000e-01  -4.93004989458000e-01   4.46024224780000e-01   8.74219501962298e-02
-8.61078708072000e-01  -4.93130892791000e-01  -1.23957174382000e-01   9.03069511629373e-02
 8.34799282040000e-02  -9.56800782256000e-01   2.78502001179000e-01   8.67472989218886e-02
-5.99582129484000e-01   7.19168795002000e-01   3.51137457841000e-01   8.65580955892041e-02
 5.98091828477000e-01  -7.30557278358000e-01  -3.29503001120000e-01   8.81959206008877e-02
 6.85705209208000e-01   3.00748197533000e-01  -6.62841525363000e-01   8.81120094825136e-02
 1.09363661336000e-01  -9.25722986397000e-01  -3.62044944772000e-01   8.86962394848044e-02
 8.50920000577000e-01   3.25168007970000e-01   4.12554140945000e-01   8.98195458995230e-02
-2.44221059202000e-01   5.69156168769000e-01   7.85122493497000e-01   8.82502134605348e-02
-5.00595570632000e-01  -2.36013932289000e-01   8.32887446435000e-01   8.80321349456066e-02
 2.08704645879000e-01   2.33870174500000e-01   9.49603660623000e-01   8.83627536310066e-02
-4.02460653376000e-01   3.20824933789000e-01   8.57377853892000e-01   9.07159406160367e-02
-5.29363569830000e-02   5.13683455849000e-01  -8.56345169483000e-01   7.90510619426904e-02
-1.59624095913000e-01  -8.52538621296000e-01  -4.97692723679000e-01   8.86406955415133e-02
 9.24492290012000e-01   3.64141525302000e-01  -1.12760610403000e-01   8.38378920703309e-02
-6.17927282186000e-01  -4.60062902014000e-01   6.37579799022000e-01   8.84800815126203e-02
-9.66483524859000e-01   9.92737562530000e-02  -2.36757930164000e-01   8.63449329815989e-02
 7.72060572782000e-01   6.04854438178000e-01  -1.95124525810000e-01   8.84736875943806e-02
 3.45475268449000e-01  -5.92093961691000e-01  -7.28060148216000e-01   8.91645700104751e-02
