 0.00000000000000e+00   0.00000000000000e+00   1.00000000000000e+00   2.08871856186047e-02
 8.71906696961000e-01   0.00000000000000e+00   4.89672045142000e-01   4.96829464428891e-02
 1.24853284620000e-01  -9.56430661727000e-01  -2.63916741849000e-01   4.25119095799571e-02
 5.42118169002000e-01   6.73623415533000e-01   5.02333937618000e-01   3.11867761605015e-03
-3.40262946030000e-02  -5.49452725835000e-01   8.34831667672000e-01   3.17917882579426e-02
-1.52234315654000e-01   2.11992067198000e-01  -9.65341430056000e-01   2.03303992064980e-01
 5.99802739136000e-01   2.87787434029000e-01  -7.46602348604000e-01  -3.14429085955630e-02
-5.63600949625000e-01   8.25639522503000e-01  -2.59489588100000e-02   1.49799880376510e-01
 2.39534899328000e-01   1.32331309693000e-01   9.61827144802000e-01   1.46295506223916e-01
-8.31351166157000e-01   4.67493871260000e-01   3.00507435621000e-01   1.29272558926213e-01
-4.36912713157000e-01  -5.08642073916000e-01  -7.41883091682000e-01   9.78290189694441e-02
 4.91008871858000e-01   3.20341585090000e-02   8.70565391252000e-01   4.50697182837550e-02
 8.97997420786000e-01   3.94576863896000e-01   1.94704213463000e-01   5.65901086342482e-02
-6.25756905009000e-01  -7.45403084101000e-01  -2.29788028508000e-01   1.13867316096479e-01
 2.33541079112000e-01   6.06918720622000e-01  -7.59676398821000e-01  -4.41329656731805e-02
 8.16051535306000e-01   2.00276709315000e-01  -5.42170758554000e-01   5.57084247402295e-03
-7.67758536443000e-01  -5.31950650048000e-01  -3.57176896834000e-01   7.95356575173620e-02
-5.36437637193000e-01  -4.13135597248000e-01   7.35903281478000e-01   4.51537198620988e-02
-6.52244860297000e-01   7.11313569077000e-01  -2.61934435810000e-01   8.49815379337041e-02
 1.85068265420000e-01   9.79826804874000e-01  -7.54265840750000e-02   1.87664685088088e-01
-4.70237972842000e-01   7.44528557521000e-01  -4.73870737579000e-01   1.40422328582591e-01
 4.87261434504000e-01   5.51988988568000e-01  -6.76671597560000e-01   3.42054149629867e-02
 4.05978065224000e-01  -8.75032406486000e-01   2.63628712693000e-01   1.05008629753636e-01
 2.57253317857000e-01   9.41908773410000e-01   2.15936548607000e-01   4.09229048517311e-02
 8.94495381270000e-01   3.30751620067000e-01  -3.00801227904000e-01   6.92674847166461e-02
-6.81154097932000e-01   5.39719262689000e-01  -4.94704166500000e-01  -2.83418966388103e-02
-8.35375142984000e-01   4.97703017827000e-01  -2.33323973328000e-01   1.34081852416413e-01
-7.03823014262000e-01   6.22581846950000e-02   7.07641917239000e-01  -2.93727174389996e-03
 6.54973150543000e-01  -7.17579055879000e-01  -2.36834268280000e-01   1.63816016381880e-01
 7.00557093667000e-01  -2.68438695556000e-01  -6.61181083548000e-01  -7.74741782443228e-02
-2.81472442945000e-01  -6.25862957164000e-01   7.27371172588000e-01   1.54594408284367e-01
-6.51856418900000e-02  -7.77472810887000e-01   6.25529264241000e-01   3.08742596707990e-02
-4.06684623800000e-03  -7.48633207695000e-01  -6.62971930853000e-01   5.06587539210940e-02
 8.41153989294000e-01  -3.29466110867000e-01  -4.28849680057000e-01   2.54915862639368e-01
-2.64540408258000e-01   7.11613222806000e-01  -6.50864804338000e-01  -7.83480685343974e-02
-1.25816366040000e-02   3.31636560069000e-01   9.43323324447000e-01   5.98590221585334e-02
-4.47027966244000e-01   7.55758495198000e-01   4.78534318864000e-01   1.73118213820064e-01
 1.57063820616000e-01   1.46078501283000e-01  -9.76725154645000e-01   6.07031334847989e-02
 3.76350282218000e-01   5.97443545753000e-01   7.08111343443000e-01   1.45401711771863e-01
 3.07579071638000e-01   7.80844532525000e-01  -5.43761832714000e-01   2.07131753429816e-01
 5.09986166207000e-01   3.08216097071000e-01   8.03067212494000e-01   5.01851123243827e-02
-9.48588839480000e-02   9.80243272170000e-01  -1.73565317681000e-01   1.64365213815700e-02
 5.63551347052000e-01  -8.26061452049000e-01   5.68829273700000e-03   1.14698944055780e-02
 9.84717325840000e-02   7.63063379427000e-01   6.38778206312000e-01   6.55873512694875e-02
 9.32883401218000e-01  -3.58531970734000e-01   3.44003734580000e-02   1.90496607551288e-01
 3.44289657929000e-01   3.60233653270000e-01  -8.67004236723000e-01   2.65677359037862e-01
-8.04938436936000e-01   6.79894364750000e-02  -5.89450209323000e-01   8.16062464653116e-03
-1.80620737781000e-01  -5.44877067957000e-01  -8.18831563814000e-01  -2.15874700247509e-02
 3.85909818521000e-01   8.80403548649000e-01  -2.75614229486000e-01   5.60020755459094e-03
-5.09378689951000e-01  -6.38350930548000e-01   5.77097426516000e-01   5.48282629498104e-02
-2.17310448040000e-01   9.18070561533000e-01   3.31545793548000e-01   7.96587298703292e-02
-9.12882221591000e-01   4.06443011030000e-01   3.80805500050000e-02   6.89575730433540e-02
 3.13684562756000e-01   8.20393019054000e-01   4.78076656380000e-01   4.60244447631257e-02
 3.20043095408000e-01  -3.88330010100000e-01  -8.64159834948000e-01  -1.49235445048215e-02
-9.34739892036000e-01  -8.26697698900000e-03  -3.55236528707000e-01   1.40018336658528e-01
-5.69702510750000e-02  -5.06301634410000e-02  -9.97091258132000e-01   8.92778865766038e-03
-6.59353563141000e-01   3.06362130034000e-01  -6.86582204877000e-01   6.23554083671390e-02
-7.13334748414000e-01  -1.73609800206000e-01  -6.78979509247000e-01   7.67116544754719e-02
-4.61001942267000e-01   8.59294786446000e-01   2.21561908307000e-01  -4.63106908031330e-02
 4.81715618069000e-01  -7.28313617140000e-01  -4.87349298139000e-01   5.81333855127209e-02
-5.30366193136000e-01  -1.56156460149000e-01   8.33262780359000e-01   1.67971469488806e-01
 9.98694020636000e-01  -4.99002735390000e-02   1.09642987350000e-02   8.70923980466524e-02
 2.09464129374000e-01  -8.42138877403000e-01  -4.96917387169000e-01   1.48087839452907e-01
-8.53998645906000e-01  -2.52451563611000e-01  -4.54922543759000e-01   6.43141631176926e-02
-1.87742380500000e-01   8.83300592527000e-01  -4.29572882996000e-01   2.18712516432974e-01
 4.47634633184000e-01   8.94161732360000e-01   9.90108865800000e-03   6.72861439344359e-03
-2.69226291870000e-02  -2.87446836343000e-01   9.57418136612000e-01   1.79738068637537e-01
-7.39684337491000e-01  -2.18431216307000e-01   6.36517780281000e-01   4.88770013521302e-02
 6.96964794279000e-01  -1.00830474710000e-01   7.09981190530000e-01   4.63970253706469e-02
 5.26197445846000e-01   8.09337709171000e-01   2.60938154548000e-01   1.73146847016064e-01
 6.65961249798000e-01  -5.65110212701000e-01   4.86976448372000e-01   1.17504565233461e-01
 7.10662199859000e-01   4.55304752225000e-01  -5.36336480480000e-01   2.07216190045013e-01
-9.88914545660000e-01   1.41743740349000e-01   4.42349799790000e-02   1.65088584586427e-01
 8.41428048305000e-01  -5.00391006206000e-01  -2.03979607888000e-01  -1.49834460367053e-02
-4.78517729344000e-01   1.17461084772000e-01   8.70186000961000e-01   3.76965092050086e-02
 9.59649206788000e-01   6.22489320260000e-02  -2.74223395012000e-01   1.78475727773866e-01
-9.85390990300000e-02  -9.22929478004000e-01   3.72144091171000e-01   1.34440895278695e-01
 3.11288345920000e-02  -9.99462389611000e-01  -1.02921042370000e-02   7.85620918710171e-02
 8.60769786272000e-01   5.06401370418000e-01  -5.13130303210000e-02   1.76780249562185e-01
-9.50002471305000e-01   2.28983080536000e-01  -2.12278245100000e-01  -2.36918353098127e-02
-2.76178043458000e-01  -1.22414459906000e-01   9.53278756879000e-01   2.61118088823737e-02
-1.57729618031000e-01   5.90645783586000e-01   7.91365229163000e-01   1.51715955115920e-01
-3.88842987918000e-01   8.90045357474000e-01  -2.37950399005000e-01  -5.06060929237444e-02
 4.64669417081000e-01  -2.55107586973000e-01   8.47940122826000e-01   1.57952441780549e-01
-7.91099901112000e-01   2.82509210838000e-01   5.42539853147000e-01   9.11039557930848e-02
-7.25116432582000e-01  -4.72813542315000e-01   5.00653086880000e-01   1.08084308216067e-01
 2.44198111437000e-01  -1.19713511354000e-01  -9.62307621070000e-01   1.79906883158059e-01
 5.54607805495000e-01   7.06554423268000e-01  -4.39535014582000e-01   2.71750091895403e-02
-2.18148038541000e-01   1.52338759573000e-01   9.63952455058000e-01   1.41314742999258e-01
-2.46418759465000e-01   4.63017672803000e-01  -8.51406148472000e-01   1.91184885784662e-02
 2.74397519572000e-01   3.80680802548000e-01   8.83056129487000e-01   4.54771227425499e-02
 8.36242231303000e-01  -4.75421458936000e-01   2.73264280449000e-01  -5.94529166404999e-03
-3.82087486557000e-01  -8.51651865878000e-01  -3.58745385981000e-01   5.87015846802825e-02
-3.39943130738000e-01  -1.38436409310000e-02  -9.40344097376000e-01   3.07167350032732e-02
-6.22891801626000e-01  -7.06008330526000e-01   3.36983739511000e-01   7.60120993535915e-02
-2.87714366533000e-01  -7.34686779804000e-01  -6.14374298674000e-01   1.41673022620046e-01
 8.61405931957000e-01  -6.59973629560000e-02  -5.03611128226000e-01   3.78198331373401e-03
 1.81607208092000e-01  -8.53618816438000e-01   4.88214848393000e-01   7.42454412463714e-02
-2.42715829048000e-01  -2.90466877645000e-01  -9.25590632688000e-01   1.75800330865823e-01
 7.15509014686000e-01   1.66902588308000e-01   6.78373330784000e-01   1.32069150691260e-01
 7.61327872684000e-01   5.77897921752000e-01  -2.93962348454000e-01  -4.11902394335625e-02
-4.31504674890000e-01  -8.72676311088000e-01   2.28560214415000e-01   1.10282571251057e-01
-9.40399364432000e-01  -3.30268290070000e-01   8.10672063830000e-02   1.21288733036179e-01
-3.72300300080000e-02   6.21815150175000e-01  -7.82278622920000e-01   2.71586801110529e-01
-4.35828588693000e-01  -8.97547536620000e-01  -6.67971615040000e-02   5.14288150633208e-02
 5.28734392572000e-01  -4.83608259663000e-01  -6.97540675013000e-01   2.23677919909788e-01
-5.90223032850000e-01   4.36851426970000e-02  -8.06057305532000e-01   1.53314429766315e-01
 2.23052878562000e-01  -4.28266980253000e-01   8.75691045398000e-01   2.71808896922184e-02
 4.35634180399000e-01  -5.42607233755000e-01   7.18192349406000e-01   8.13181682993200e-02
 4.39327654775000e-01  -7.38157534192000e-01   5.11971353168000e-01   2.94839651910072e-02
-9.90926272494000e-01  -9.36352836680000e-02  -9.64238359250000e-02   3.68169545141816e-02
-5.86215593078000e-01   3.44566792088000e-01   7.33229162147000e-01   1.68248970715782e-01
 3.08976947410000e-02   8.06063097360000e-01  -5.91022516943000e-01  -1.75370771171826e-02
 9.20865566520000e-02  -5.49233050829000e-01  -8.30579991308000e-01   1.87028160390085e-01
-9.73338763456000e-01  -7.90510397000000e-02   2.15319726629000e-01   3.88911785434825e-02
 6.88917835752000e-01  -5.49229706182000e-01  -4.73010513022000e-01  -1.11899834894406e-02
-9.19338277588000e-01  -3.35848228902000e-01  -2.04995362154000e-01   6.25233694081270e-02
 2.38833500469000e-01  -1.51296976664000e-01   9.59201638815000e-01   1.81530189081174e-02
-6.53552273699000e-01  -7.54588665630000e-01   5.88674039320000e-02   6.32251505181211e-02
 6.83124274022000e-01   1.72166208480000e-02  -7.30099181077000e-01   2.50581196601501e-01
 3.03761127499000e-01  -6.55105519352000e-01  -6.91784602268000e-01  -1.34034491670415e-02
-1.78942107980000e-02   9.92156326696000e-01   1.23715886677000e-01   4.55094642907021e-03
 6.49848878031000e-01   4.48818320311000e-01   6.13399177596000e-01   6.82905855512216e-02
 4.07818299192000e-01  -8.75154393444000e-01  -2.60363251017000e-01   4.75735173940255e-02
-8.37325428307000e-01   3.05372483585000e-01  -4.53468602419000e-01   1.44837129498754e-01
-8.14103345552000e-01  -5.37616303934000e-01   2.19555124069000e-01   6.41817118073430e-02
-5.45234083341000e-01  -6.69912743625000e-01  -5.03921333436000e-01   2.60838621100204e-02
-8.73400774448000e-01  -9.82894918500000e-03   4.86902946131000e-01   1.59752103707817e-01
 9.62441141588000e-01   1.16708601835000e-01   2.45124766673000e-01   1.47837498938904e-01
 8.40983545512000e-01   2.93562074401000e-01   4.54497507861000e-01   2.46882386757954e-02
-4.95693765981000e-01  -2.47376478598000e-01  -8.32521812449000e-01   1.85759125802090e-02
-6.66370072833000e-01  -4.34537647864000e-01  -6.05910850391000e-01   9.46424241671552e-02
-8.81624806108000e-01  -2.85963731865000e-01   3.75449657496000e-01   4.41562316927195e-02
-4.22565590499000e-01   5.87145194075000e-01   6.90433807690000e-01   3.84030028863299e-02
-4.30531285039000e-01   2.62647704412000e-01  -8.63515486815000e-01   1.07709776672889e-02
 5.99241675260000e-02   3.97143326232000e-01  -9.15798161483000e-01  -6.44103270257661e-02
 6.41041221724000e-01  -7.20561419934000e-01   2.64305490208000e-01   9.41636405558288e-02
 1.03236732599000e-01   5.69183002723000e-01   8.15703920828000e-01   4.16082491636659e-02
 9.54391007696000e-01  -2.12283506449000e-01  -2.09936936528000e-01  -4.01278483744807e-02
-4.81323192497000e-01   5.28580764472000e-01  -6.99235553869000e-01   1.84111718868838e-01
 8.27544343198000e-01  -2.83203983956000e-01   4.84732775364000e-01   1.61938868020934e-01
 4.39019997973000e-01   9.15582659800000e-02  -8.93800047723000e-01  -4.95038424104667e-02
 1.15747854174000e-01   9.27983062436000e-01  -3.54189031571000e-01   3.62986798190417e-02
 1.92796932129000e-01  -6.77933834558000e-01   7.09390625060000e-01   1.30674570377957e-01
-7.68472118654000e-01   6.39644572653000e-01   1.74763705330000e-02   6.60657577980487e-03
-2.84816719807000e-01   9.58214970319000e-01   2.65237021260000e-02   1.83293832742298e-01
-2.91581848986000e-01  -3.86312264329000e-01   8.75067345849000e-01   2.36059613855498e-02
 1.38120598711000e-01  -9.61790468832000e-01   2.36393304211000e-01   3.21662159642328e-02
-6.56799500153000e-01   5.41393037628000e-01   5.24888555226000e-01  -1.22649222236090e-02
 3.12331448112000e-01  -9.49939047286000e-01  -8.05437525200000e-03   1.14951296554610e-01
-9.28839875560000e-01   2.06437278884000e-01   3.07636368879000e-01  -7.18285542714454e-03
 7.18958498152000e-01   6.87407753085000e-01   1.02806901195000e-01  -5.82702856742443e-02
-1.85237115447000e-01  -9.65074000603000e-01  -1.85254917403000e-01   1.23508040690936e-01
-6.69653552558000e-01   6.89894693053000e-01   2.74971693168000e-01   1.12592250759542e-01
 9.49289085488000e-01  -1.80452752719000e-01   2.57462688966000e-01   3.23567615888098e-03
-9.75891043170000e-02  -8.91424469402000e-01  -4.42536757874000e-01   3.61419670099152e-02
-1.83671926448000e-01   7.87085278940000e-01   5.88864489600000e-01   9.31849659825006e-03
 6.28137502788000e-01   7.63992705613000e-01  -1.47507367140000e-01   2.10731621709750e-01
 5.05947320471000e-01  -1.84228221951000e-01  -8.42660828059000e-01   8.30155723634628e-02
 7.47200513040000e-01   5.64741274239000e-01   3.50369357228000e-01   1.47021272142614e-01
-3.23844951603000e-01  -8.15445024436000e-01   4.79764379090000e-01   3.34798700474696e-02
-8.19334691318000e-01  -5.68936272411000e-01  -7.07261022360000e-02   6.01775298639500e-02
-3.22814070319000e-01   3.82657508934000e-01   8.65658308376000e-01   1.55205706851507e-02
 9.72274303629000e-01   2.31286497859000e-01  -3.44852781760000e-02  -1.00607371732184e-02
-2.06872893801000e-01  -9.71020572230000e-01   1.19677291566000e-01   3.54258467733684e-02
 3.33128135490000e-02  -3.10884752684000e-01  -9.49863636004000e-01   2.49897669053996e-02
 4.41914338700000e-02   9.12976514300000e-01   4.05611885316000e-01   1.40187902636774e-01
 6.43481940325000e-01  -3.68120335079000e-01   6.71132186217000e-01  -3.20344873068269e-04
 7.78526261954000e-01  -6.26697345188000e-01   3.38717726600000e-02   9.34878735316795e-02
