 0.00000000000000e+00   0.00000000000000e+00   1.00000000000000e+00   5.50872118040986e-02
 2.55822954377000e-01   0.00000000000000e+00  -9.66723650282000e-01   5.66917573879592e-02
 8.23357207398000e-01  -5.20496427561000e-01  -2.26199862783000e-01   5.74290229841924e-02
 1.14270987375000e-01   5.94854313789000e-01   7.95669835303000e-01   5.52709823486016e-02
-6.32213807992000e-01  -6.99549220522000e-01  -3.33071447367000e-01   5.56528207980904e-02
 3.85215822180000e-01  -2.24293482512000e-01   8.95154290636000e-01   5.27970933021087e-02
 4.00720814306000e-01   6.63376231077000e-01  -6.31945254768000e-01   5.67898875676704e-02
-6.87723529598000e-01   1.61845994543000e-01   7.07702070711000e-01   5.74972013162195e-02
 7.24264761233000e-01   4.64160304943000e-01   5.09897800496000e-01   5.32670811027789e-02
-9.28021090672000e-01  -2.88026042500000e-02   3.71412527060000e-01   5.61858240355197e-02
 6.89949297151000e-01   8.03998007620000e-02  -7.19378787148000e-01   5.77815216927500e-02
-6.65627059312000e-01  -6.69680230216000e-01   3.29346333164000e-01   5.72704996732260e-02
 2.78675209655000e-01   9.55466588570000e-01   9.70758757330000e-02   5.28077716684403e-02
 5.30605502955000e-01   5.84537256404000e-01   6.13819188449000e-01   5.63158484717242e-02
-9.39296143402000e-01  -2.52181966207000e-01   2.32652124232000e-01   5.51743271133838e-02
-2.62892915467000e-01  -5.63017749510000e-02  -9.63180889104000e-01   5.59149466691808e-02
-4.52874726649000e-01  -7.38260617851000e-01  -4.99875726648000e-01   5.69803577304907e-02
-4.86448292908000e-01   1.11223554490000e-02  -8.73638570312000e-01   5.75379675741712e-02
-2.89865614257000e-01  -3.66403944408000e-01   8.84152744267000e-01   5.72245082181525e-02
 3.53413339640000e-02   9.98630687848000e-01   3.85712250520000e-02   5.81508102762005e-02
 1.87110607722000e-01  -7.39054833052000e-01   6.47137987002000e-01   5.84483807648569e-02
-9.44773190977000e-01   2.05875174480000e-01   2.54988294132000e-01   5.74787410346661e-02
 1.42187601527000e-01   4.29523748517000e-01  -8.91791475308000e-01   5.66545167281477e-02
-1.16531674445000e-01   1.32399663511000e-01  -9.84322456288000e-01   5.27738391194378e-02
 9.59359930690000e-01   1.54913854048000e-01   2.35860596987000e-01   5.77598246200399e-02
 8.95434462655000e-01  -3.65368776035000e-01   2.54367412590000e-01   5.22310411437733e-02
 9.10646535622000e-01   3.83318145896000e-01  -1.54240352007000e-01   5.46165184179599e-02
-2.36968141857000e-01   8.66370963110000e-02   9.67646688253000e-01   5.65254904426063e-02
-9.06302016144000e-01   3.99857067217000e-01  -1.36861175397000e-01   5.63409400398536e-02
 2.83503604176000e-01  -7.83049400501000e-01  -5.53587701086000e-01   5.75043905930302e-02
 5.71709369671000e-01  -5.29874313392000e-01  -6.26403710588000e-01   5.29482041012832e-02
 4.35711822737000e-01   7.61530031619000e-01   4.79819985483000e-01   5.33420521602218e-02
 9.81623689635000e-01   1.86887523047000e-01  -3.85744173780000e-02   5.93722827837799e-02
 2.63930139398000e-01  -4.39967459531000e-01  -8.58352792313000e-01   5.68076096341937e-02
 6.31845963290000e-01   1.27806230180000e-01   7.64484300821000e-01   5.27771669449840e-02
 7.72557938046000e-01  -4.58488574480000e-01   4.39252159281000e-01   5.96379567722201e-02
-5.02211788900000e-02  -9.66273141534000e-01   2.52574838694000e-01   5.39855303121546e-02
-3.13884089785000e-01   4.40635516660000e-01  -8.41021473946000e-01   5.78699621190007e-02
 9.21123341079000e-01   3.71446619707000e-01   1.16443974628000e-01   5.34588332385704e-02
-1.66567746964000e-01   9.63131285339000e-01   2.11265976608000e-01   5.49996863751298e-02
-7.46999589103000e-01  -6.57071852288000e-01   1.01233368068000e-01   5.50364862816499e-02
 5.64318761533000e-01   5.01796895439000e-01  -6.55548786216000e-01   5.77621349629721e-02
 7.27418741390000e-02   9.58228553477000e-01   2.76598371378000e-01   5.55825374471027e-02
 8.51369070651000e-01   1.14838338614000e-01  -5.11842614016000e-01   5.69939952104530e-02
 8.24897022566000e-01   5.65214035190000e-01  -8.83156752100000e-03   5.81949266109022e-02
-6.53879345710000e-02  -7.60822840957000e-01   6.45657047271000e-01   5.43474150047279e-02
-6.13211003195000e-01  -1.75085430299000e-01  -7.70270963790000e-01   5.65883050660690e-02
-8.88670791391000e-01  -4.57469463358000e-01   3.13992774460000e-02   5.71202758902083e-02
-7.25366244656000e-01   3.66984646411000e-01   5.82379670329000e-01   5.74316294024722e-02
-8.66983683470000e-02   4.43542000338000e-01   8.92050383589000e-01   5.44963609249530e-02
 1.16306268161000e-01  -9.92305873038000e-01   4.24488671390000e-02   5.57992731756350e-02
 2.37498432348000e-01  -5.66596236500000e-02   9.69734077817000e-01   5.41972239015635e-02
 7.68725971514000e-01  -4.04340722710000e-02   6.38298884943000e-01   5.86115744123607e-02
 7.94523311979000e-01  -1.11657266891000e-01  -5.96879687603000e-01   5.36885610272852e-02
-9.53532398756000e-01  -1.90792032064000e-01  -2.33183114791000e-01   5.26630548905206e-02
 1.34258860510000e-02   7.65540357751000e-01   6.43247779816000e-01   5.46006973452635e-02
 4.23090459271000e-01  -8.50310882484000e-01  -3.12994994215000e-01   5.33716838831853e-02
-1.56023735543000e-01  -1.79343966903000e-01   9.71335336268000e-01   5.70442761280380e-02
 1.69283055237000e-01   7.98943321033000e-01  -5.77089955714000e-01   5.40840901952084e-02
-9.90741220914000e-01  -1.35293200650000e-02   1.35088084894000e-01   5.63554888374124e-02
-6.34439082200000e-02   5.73627920583000e-01  -8.16655300134000e-01   5.41950740203469e-02
-2.07932011772000e-01   9.77696143971000e-01  -2.95724287810000e-02   5.62840355108590e-02
-7.92421675660000e-01  -9.99170774480000e-02  -6.01734547436000e-01   5.72003923867468e-02
 7.04504674497000e-01  -3.30846454816000e-01  -6.27864465428000e-01   5.65383631135428e-02
-5.46148214360000e-01  -8.21210816414000e-01   1.65332764315000e-01   5.72583697583476e-02
-7.72524310338000e-01  -6.17420924210000e-01  -1.48315853112000e-01   5.58226229334081e-02
-9.76062120197000e-01   2.17282920419000e-01   9.53257627300000e-03   5.44135596341274e-02
 6.45759767620000e-01  -7.13403843767000e-01  -2.72119970275000e-01   5.71337119979667e-02
 4.92609823600000e-01   8.70237126742000e-01   4.78590978400000e-03   5.95233120655716e-02
-7.92374081121000e-01   6.09514552018000e-01  -2.52056828070000e-02   5.55772652192849e-02
 7.36987717443000e-01  -6.74421230157000e-01  -4.47784395890000e-02   5.36237166602491e-02
 9.32235459746000e-01  -3.03061584672000e-01  -1.97713741275000e-01   5.37015597299010e-02
-2.04591234926000e-01  -8.74252035106000e-01   4.40256522614000e-01   5.55722266158773e-02
 6.09396565135000e-01  -1.50851500790000e-01  -7.78382715064000e-01   5.63502027372447e-02
-5.54782641040000e-01   5.23322673028000e-01   6.46799506103000e-01   5.15861722896718e-02
-4.75976976620000e-02  -9.11735070853000e-01  -4.08011788743000e-01   5.66198249394961e-02
-3.83528999567000e-01  -1.08426862307000e-01   9.17141822196000e-01   5.46502986737079e-02
 2.74263939600000e-03   9.80226754239000e-01  -1.97858505512000e-01   5.37724848325281e-02
-6.79256085290000e-01   5.85997894815000e-01   4.41834400956000e-01   5.53970941037449e-02
-5.63756953920000e-02   7.54741390970000e-01  -6.53595604120000e-01   5.68439027196000e-02
-3.04618805324000e-01  -9.27908493525000e-01   2.14926059582000e-01   5.81345809794554e-02
 7.82591041979000e-01  -5.87950034229000e-01   2.04611872248000e-01   5.92162736896320e-02
 2.40305442646000e-01  -4.20709004900000e-01   8.74789819003000e-01   5.92517049931804e-02
-1.29672105547000e-01  -2.63366582065000e-01  -9.55940996346000e-01   5.70256412632623e-02
-3.98467497291000e-01  -5.37664592893000e-01   7.43061531202000e-01   5.41294964247218e-02
-5.56320299491000e-01   7.68629702929000e-01   3.15778568224000e-01   5.56210552986996e-02
 5.49945072109000e-01   2.82522211223000e-01  -7.85965404982000e-01   5.62265143219311e-02
-6.01843371917000e-01  -4.47774706565000e-01   6.61273292853000e-01   5.35218669185513e-02
-2.48230739430000e-01   7.58766879067000e-01   6.02207873772000e-01   5.59241204138185e-02
 1.12579445588000e-01   1.98403366890000e-01  -9.73633387081000e-01   5.46789537920558e-02
-4.32708218003000e-01   8.96490842123000e-01  -9.52248290240000e-02   5.55967257212958e-02
-8.85374327858000e-01  -4.15238371953000e-01  -2.09020080444000e-01   5.48790427085219e-02
-2.59886141285000e-01  -4.47168478029000e-01  -8.55861873099000e-01   5.72701550827103e-02
 3.70157841097000e-01   5.00474039138000e-01   7.82629483743000e-01   5.40877748703050e-02
 1.69244786155000e-01   8.51742921759000e-01   4.95873166840000e-01   5.45139470819501e-02
-8.54511566993000e-01  -2.76514637087000e-01  -4.39715404951000e-01   5.58145576129704e-02
 1.73459361064000e-01   3.94729287340000e-01   9.02275257211000e-01   5.75427974690942e-02
 4.90190503095000e-01  -3.73377275602000e-01  -7.87592966411000e-01   5.57347355142652e-02
 3.84772389000000e-01   8.05146318284000e-01  -4.51319858655000e-01   5.34675810209179e-02
 2.85933718930000e-01  -9.48687238479000e-01  -1.35034928544000e-01   5.77483296320661e-02
-9.73200495831000e-01  -2.29957541224000e-01   5.69339760000000e-04   5.62918093753731e-02
-7.54961056557000e-01   6.19442265758000e-01   2.15232624097000e-01   5.69732470523718e-02
-2.24713965557000e-01   9.35306040266000e-01  -2.73324431263000e-01   5.69929749162014e-02
 1.31316913814000e-01  -6.38443779846000e-01  -7.58383417621000e-01   5.63388015465063e-02
 3.12601185737000e-01   8.95749258111000e-01   3.16091387530000e-01   5.53879656463603e-02
 6.45465808199000e-01   6.60854058922000e-01   3.82943603226000e-01   5.86063032247296e-02
 8.79836472540000e-01  -4.75162764328000e-01   1.03985087820000e-02   5.52316191797713e-02
-7.00712604888000e-01   3.13660037149000e-01  -6.40795775928000e-01   5.54934305965981e-02
 3.66975700961000e-01   4.71653771374000e-01  -8.01792713145000e-01   5.34893697758012e-02
 7.75455381024000e-01   2.25122321510000e-01   5.89905833501000e-01   5.77479404035311e-02
 4.22867465873000e-01   2.78172912661000e-01   8.62440106308000e-01   5.76277852009606e-02
-8.95992143367000e-01   4.27909750637000e-01   1.18706884108000e-01   5.62759496524550e-02
 3.62704246841000e-01  -6.10229354483000e-01  -7.04319362400000e-01   5.47671224790130e-02
-1.99584940082000e-01  -7.73384154726000e-01  -6.01699925969000e-01   5.73218556525563e-02
-3.31005265504000e-01   8.63706844436000e-01   3.80060522921000e-01   5.47343210337546e-02
 1.90526946173000e-01  -9.08790040553000e-01  -3.71214419136000e-01   5.60151189088302e-02
 2.78186077997000e-01  -8.45197374560000e-01   4.56348445867000e-01   4.77409378075645e-02
 5.89968341105000e-01   7.01072567212000e-01  -4.00542896574000e-01   6.12719251615457e-02
-6.79124308690000e-01   5.16969558412000e-01  -5.21087947492000e-01   5.63719796977921e-02
-3.67424865858000e-01  -6.12305147422000e-01  -7.00058122152000e-01   5.52825616053288e-02
 8.68200597295000e-01   3.22911222504000e-01   3.76770573742000e-01   5.68543433998890e-02
 4.48420111971000e-01   3.75833248000000e-02   8.93032416476000e-01   5.69985474008286e-02
-2.97384530717000e-01   3.22054176898000e-01   8.98801172692000e-01   5.76680608984316e-02
 9.85578194792000e-01  -6.63737044890000e-02  -1.55660378075000e-01   5.75612520153532e-02
-6.15620679264000e-01   6.92646140919000e-01  -3.75835739030000e-01   5.15181240458980e-02
 1.73662806805000e-01   6.34808013645000e-01  -7.52901066107000e-01   5.80607847588147e-02
-9.20064953639000e-01  -1.90203342190000e-02  -3.91303856322000e-01   5.55988249557101e-02
-3.93442255387000e-01  -9.19273182330000e-01  -1.18324944070000e-02   5.41754795730258e-02
-1.38050487674000e-01  -9.89952301898000e-01   3.06023335660000e-02   5.61927744147721e-02
 3.15826407650000e-02  -9.82573556136000e-01  -1.83171350336000e-01   5.47151771429997e-02
-9.43265767627000e-01   1.94598026032000e-01  -2.69037729486000e-01   5.74018593354106e-02
-5.04533519272000e-01  -4.13981911676000e-01  -7.57670709963000e-01   5.67981639542637e-02
-4.90721616480000e-02  -4.16825156228000e-01   9.07661121833000e-01   5.39357860675165e-02
 8.43840371234000e-01  -3.27365753647000e-01  -4.25164781249000e-01   5.80863257550928e-02
 8.90624945144000e-01   5.70521120540000e-02   4.51145501581000e-01   5.34936973095654e-02
-4.62591353651000e-01   6.86121547571000e-01  -5.61468130428000e-01   5.69508079354325e-02
 6.17892968882000e-01  -7.74164432213000e-01   1.37396182271000e-01   5.60293643827440e-02
 8.54424701246000e-01   3.43212120820000e-01  -3.90081876050000e-01   5.87190140268023e-02
-4.62271179152000e-01  -8.52649176015000e-01  -2.43505111993000e-01   5.70155320592313e-02
 2.84824141728000e-01   6.97236080202000e-01   6.57827528120000e-01   5.89538073127666e-02
-7.41615900998000e-01  -4.73973134330000e-01   4.74716044938000e-01   5.54522756678462e-02
 4.51130629069000e-01  -7.06799570033000e-01   5.44899553420000e-01   5.93198936827026e-02
 9.96731404640000e-01  -1.97391128200000e-02   7.83382054270000e-02   4.75304590405816e-02
-3.32274376165000e-01   2.05429029504000e-01  -9.20539327124000e-01   5.46693261579323e-02
-2.57795920202000e-01   8.18430129061000e-01  -5.13530317870000e-01   5.51010524572433e-02
-5.28833330734000e-01   2.65786107128000e-01  -8.06035392252000e-01   5.58797981028844e-02
 1.45021322340000e-02  -6.37648294280000e-02  -9.97859576638000e-01   5.61328529937346e-02
 6.90053679856000e-01   7.15240789887000e-01   1.10709220027000e-01   5.36695525458895e-02
 8.04841220471000e-01   5.35526717474000e-01   2.55815841382000e-01   5.72813150183419e-02
 2.14528678622000e-01   1.75020071568000e-01   9.60908643211000e-01   5.38687881078140e-02
-2.77952347124000e-01   6.44758475018000e-01  -7.12059689647000e-01   5.59128083331301e-02
 4.00492811640000e-02  -8.84368282650000e-01   4.65068592489000e-01   5.77501512696369e-02
 2.52944731614000e-01   9.58668249374000e-01  -1.30284881666000e-01   5.76892952759822e-02
 9.66030402814000e-01  -2.54557667162000e-01   4.45606881530000e-02   5.90286807426886e-02
-8.53457933365000e-01  -2.55135003671000e-01   4.54439969498000e-01   5.74290489324163e-02
-3.58646482090000e-02   2.34566202963000e-01   9.71438327140000e-01   5.64599652335050e-02
 7.08902806886000e-01   5.18260995118000e-01  -4.78395601285000e-01   5.21775298250905e-02
-4.42173897568000e-01  -8.09246536337000e-01   3.86784549504000e-01   5.39520950365880e-02
-9.18303739270000e-02   8.88971121616000e-01   4.48661929916000e-01   5.79289135013830e-02
-7.62681533863000e-01  -5.05572618479000e-01  -4.03377249418000e-01   5.74935321416203e-02
 5.09415212235000e-01  -7.11211873168000e-01  -4.84431432722000e-01   5.69372817672679e-02
-6.14242299157000e-01   7.84723987991000e-01   8.31544382310000e-02   5.51837313294062e-02
 6.00743114416000e-01  -5.28305229497000e-01   6.00001079139000e-01   5.48448388439497e-02
 8.77979781800000e-03  -4.53922664543000e-01  -8.90997828148000e-01   5.55424034869834e-02
-8.38313968865000e-01   4.11607397182000e-01   3.57503902343000e-01   5.56369873225639e-02
 7.18107623025000e-01  -5.39967565418000e-01  -4.39040396832000e-01   5.40011339746066e-02
 7.79881175440000e-01   5.71570512516000e-01  -2.55132321387000e-01   5.39057957275809e-02
 1.92822745350000e-01   9.15317004842000e-01  -3.53573428756000e-01   5.59369592588583e-02
 8.51525316845000e-01  -2.16621528287000e-01   4.77472248676000e-01   5.56777678853351e-02
-3.95612285439000e-01  -2.39398871538000e-01  -8.86667412233000e-01   5.44511693121466e-02
-2.82345037504000e-01  -8.71312150476000e-01  -4.01368180391000e-01   5.03367402727406e-02
-8.04893146901000e-01  -2.57230354180000e-02   5.92861997028000e-01   5.58584580502658e-02
-4.61742736039000e-01   7.05655811936000e-01   5.37441644085000e-01   5.70892789896217e-02
 5.97885823478000e-01   3.68665228011000e-01   7.11771376033000e-01   5.77678209188405e-02
-5.23850364096000e-01   3.32607879705000e-01   7.84189259296000e-01   5.40566869885827e-02
 6.56575910204000e-01   7.40885608242000e-01  -1.41409298279000e-01   5.71303987708029e-02
 4.64188042720000e-02  -7.98386440873000e-01  -6.00353550536000e-01   5.58637907176608e-02
-7.84206767530000e-01   5.59524940137000e-01  -2.68237930065000e-01   5.60298575356248e-02
 3.84267944954000e-01  -1.92695282506000e-01  -9.02887963471000e-01   5.60210489482195e-02
 4.61720922936000e-01  -8.33023348215000e-01   3.04771866568000e-01   5.84511727550557e-02
-1.13730003700000e-01  -6.29271656556000e-01  -7.68819008944000e-01   5.48829801216185e-02
-5.08746864815000e-01  -2.84411744592000e-01   8.12580203475000e-01   5.63874510709819e-02
 3.56949478960000e-01  -5.80187483758000e-01   7.32099414807000e-01   5.32732552861094e-02
-6.13838348967000e-01  -7.86406852856000e-01  -6.90416042590000e-02   5.60285570446560e-02
 3.40343772325000e-01   2.45449503934000e-01  -9.07700753364000e-01   5.68367089947650e-02
-7.17677808024000e-01  -2.39993779598000e-01   6.53713660270000e-01   5.47554334676105e-02
 8.47733546300000e-02  -5.92942360882000e-01   8.00770151177000e-01   5.54980431220248e-02
-5.95458230894000e-01  -5.62658335641000e-01  -5.73450165746000e-01   5.53490198717534e-02
 3.84084722437000e-01  -9.19153058857000e-01   8.73875299110000e-02   5.40417065525658e-02
 7.29163912247000e-01   3.03797152794000e-01  -6.13210631864000e-01   5.33749324370725e-02
-4.68468144219000e-01   1.21614197972000e-01   8.75070045599000e-01   5.61434740234042e-02
-6.79662904549000e-01   7.44062887450000e-02  -7.29741077626000e-01   5.51010529074020e-02
-7.05468838609000e-01  -3.46684834023000e-01  -6.18161260199000e-01   5.47265977831121e-02
 5.33157547179000e-01  -8.41284530623000e-01  -8.93496973710000e-02   5.79391932738296e-02
-6.14243521005000e-01  -5.67367357420000e-02   7.87074227580000e-01   5.62421309312145e-02
-3.65355201940000e-02   8.96578171944000e-01  -4.41375959198000e-01   5.66766963922756e-02
-3.51902997919000e-01   5.35848314118000e-01   7.67483461915000e-01   6.08092573154547e-02
-6.33232528173000e-01   7.59335632284000e-01  -1.49753006006000e-01   5.70951151969551e-02
-5.38561171470000e-01  -6.47709194298000e-01   5.38910627290000e-01   5.59934715963664e-02
-5.09425256030000e-01   4.92800116401000e-01  -7.05431749919000e-01   5.53186631282442e-02
-4.01754826612000e-01   9.04124863460000e-01   1.45434832719000e-01   5.76849973177300e-02
-1.69829698016000e-01  -5.93565790644000e-01   7.86662269242000e-01   5.64761239638290e-02
 9.50165080405000e-01  -1.21194898628000e-01   2.87224853600000e-01   5.91247696526583e-02
 9.18032525643000e-01  -9.75294831790000e-02  -3.84323147588000e-01   5.64852801868904e-02
-4.32453359567000e-01   8.37492932403000e-01  -3.34050415318000e-01   5.59303025199044e-02
 7.03248276649000e-01  -3.01638855724000e-01   6.43782464896000e-01   5.31874830699120e-02
 9.70179224360000e-02  -2.45214349742000e-01   9.64602221336000e-01   5.55597922791893e-02
-8.54070608918000e-01   1.86679625748000e-01   4.85503977649000e-01   5.44547464226127e-02
 5.97241215433000e-01  -1.34979395995000e-01   7.90622219043000e-01   5.73971674113202e-02
 5.21709659687000e-01   8.19252199309000e-01   2.38001817044000e-01   5.42149385926276e-02
-3.12298970200000e-01  -7.30730380651000e-01   6.07044037946000e-01   5.81229108570348e-02
-9.91284377920000e-02   3.64135019785000e-01  -9.26055743564000e-01   5.62668834772759e-02
-2.17247017927000e-01  -9.57505639605000e-01  -1.89701563849000e-01   5.75537956955067e-02
 2.04593405404000e-01  -9.45070812740000e-01   2.54917040176000e-01   5.82913748645946e-02
-8.38645660892000e-01   3.62843866369000e-01  -4.06223810362000e-01   5.60546679263119e-02
-8.34612414583000e-01   1.48429770351000e-01  -5.30462742044000e-01   5.56818074834462e-02
 4.87726187186000e-01   4.54021635820000e-02  -8.71815238382000e-01   5.53366146856188e-02
 6.38424211424000e-01  -6.68439281108000e-01   3.81580206168000e-01   5.21771360378652e-02
 1.46794304190000e-01  -2.53117064253000e-01  -9.56233854264000e-01   5.52527920886941e-02
-8.39332602424000e-01  -4.75638087862000e-01   2.63228402501000e-01   5.58930300210808e-02
 4.56397848752000e-01   8.58979831240000e-01  -2.32066053479000e-01   5.27237009782755e-02
-9.93317569618000e-01   1.29733521410000e-02  -1.14681724889000e-01   5.60290771851967e-02
-1.40937851048000e-01   6.26723425672000e-01   7.66390416078000e-01   5.26097577884816e-02
 5.02627476691000e-01  -3.87386889840000e-01   7.72849931911000e-01   5.79590942774176e-02
 9.48657953525000e-01   1.44015724383000e-01  -2.81615976721000e-01   5.35067820406553e-02
