 0.00000000000000e+00   0.00000000000000e+00   1.00000000000000e+00   5.09378121970881e-02
 7.32969627973000e-01   0.00000000000000e+00   6.80261364822000e-01   5.26812020464315e-02
-4.86406268920000e-02   3.31428110039000e-01  -9.42225820752000e-01   4.77923198442686e-02
-9.39521826030000e-01  -3.18290176421000e-01  -1.26451975104000e-01   5.13628451427698e-02
-5.99592873592000e-01  -7.81545039453000e-01   1.72266471619000e-01   5.14208727412723e-02
 6.81572975845000e-01  -2.81095110934000e-01  -6.75606259005000e-01   5.20713264830596e-02
-2.11267223889000e-01  -9.30901608617000e-01   2.97973749153000e-01   5.21287936519541e-02
-3.22969739032000e-01   2.49446421084000e-01   9.12944155290000e-01   5.16378176902156e-02
 6.62462901387000e-01  -7.48957441435000e-01   1.43406835330000e-02   4.80553852831109e-02
 6.14598257026000e-01  -8.96022323970000e-02  -7.83734918458000e-01   4.59303473052857e-02
 3.29646676802000e-01  -4.77458861602000e-01  -8.14472899457000e-01   5.39406881773618e-02
 2.82155703548000e-01   1.22509106804000e-01  -9.51514412768000e-01   4.65164500436358e-02
 3.65115276456000e-01  -7.45521542241000e-01   5.57573730509000e-01   4.92320000921797e-02
 5.18782617300000e-01   1.05758167829000e-01  -8.48339440274000e-01   5.17075605561818e-02
-8.31574509591000e-01  -5.32141129890000e-01  -1.59090077876000e-01   4.67137765169558e-02
-4.34861821833000e-01  -2.74065314850000e-01  -8.57778175934000e-01   4.57141092198386e-02
-2.50543777562000e-01  -8.30934728030000e-01   4.96764826935000e-01   4.83764180976020e-02
 2.84843763778000e-01  -9.58416229702000e-01   1.73885272390000e-02   4.63646892036838e-02
-2.74151422850000e-02  -8.77914184005000e-01   4.78032525564000e-01   4.84159333726478e-02
-1.55282013745000e-01   9.84610666796000e-01   8.01831094400000e-02   4.83095997417987e-02
-1.71270998285000e-01  -5.53164794726000e-01   8.15275999293000e-01   4.72481682135736e-02
-9.37467661174000e-01  -1.75462783052000e-01   3.00611370406000e-01   4.95205224827766e-02
 3.11095866419000e-01   9.47874357264000e-01   6.89461002400000e-02   4.90507883715990e-02
-5.85398374257000e-01  -5.35508733864000e-01   6.08719261542000e-01   4.76181253570350e-02
 1.20104865371000e-01   7.03391425569000e-01  -7.00582132051000e-01   4.96155074026678e-02
 6.32279502846000e-01  -7.35394226445000e-01   2.43757998825000e-01   4.68736108174111e-02
 2.20991108068000e-01   9.39374307686000e-01   2.62180930302000e-01   4.63137248134869e-02
 2.48423847283000e-01  -9.40550079111000e-01   2.31627158997000e-01   4.71879875955636e-02
 8.59360436618000e-01  -9.06337613640000e-02   5.03274439324000e-01   4.82829982805208e-02
-7.67138994765000e-01  -6.02211474110000e-01   2.20995708468000e-01   4.74283427901390e-02
 2.68640905507000e-01   5.15524192797000e-01  -8.13674916984000e-01   4.85542845032952e-02
 2.00784027842000e-01  -8.76422530005000e-01   4.37686329536000e-01   5.26961135774999e-02
-9.29736546799000e-01   8.33874153980000e-02   3.58659298637000e-01   4.62329937643630e-02
-1.12554792867000e-01  -5.08605939942000e-01  -8.53610810884000e-01   4.52769797542445e-02
-2.36014077260000e-01   3.61844624320000e-02   9.71075712812000e-01   4.98386844272747e-02
 6.23230451371000e-01   4.75619141841000e-01   6.20781955600000e-01   4.70891386365900e-02
 5.83355991140000e-02  -9.96863527092000e-01   5.34795870420000e-02   5.43484311362864e-02
-5.71440238874000e-01  -1.15413689337000e-01   8.12487374492000e-01   4.93041414170464e-02
-5.45806652991000e-01  -8.08196100810000e-02  -8.34004369399000e-01   5.23069645623151e-02
 9.34955194397000e-01   6.77777063510000e-02   3.48231197613000e-01   5.21981933420221e-02
 3.10646759506000e-01  -9.29337661180000e-01  -1.99574803821000e-01   5.20000893393878e-02
 8.74645709284000e-01   6.17367227630000e-02  -4.80815411871000e-01   4.62225212813976e-02
-4.30835997797000e-01  -6.32022057569000e-01  -6.44149409492000e-01   4.61529372665361e-02
 8.83677676285000e-01   4.38946469102000e-01  -1.62603080226000e-01   5.00213628997625e-02
-5.56217800568000e-01  -7.17618547999000e-01  -4.19100677522000e-01   4.55463773962391e-02
 6.76704725870000e-02   7.59415672229000e-01   6.47076922717000e-01   5.23281726592817e-02
 6.39244213939000e-01  -7.33502276364000e-01  -2.30957237414000e-01   5.47370726206332e-02
 7.40328430748000e-01  -2.36418416534000e-01   6.29301316501000e-01   4.67372516156494e-02
 3.34307723049000e-01   6.74420976112000e-01  -6.58327193188000e-01   5.00153702882794e-02
-4.74277253999000e-01   8.75062274289000e-01  -9.65769250720000e-02   4.86442028854040e-02
-7.39836128058000e-01  -5.04890564132000e-01   4.44666191508000e-01   5.00513691598314e-02
 4.92643879242000e-01   8.55889977867000e-01   1.57335164637000e-01   5.23287187390744e-02
 2.96309690899000e-01   7.42937872550000e-01   6.00203202766000e-01   4.68764053507164e-02
 5.38221287810000e-02   1.22845817506000e-01  -9.90965228237000e-01   4.96470742914915e-02
-5.46431411061000e-01   2.78109540732000e-01   7.89979617686000e-01   5.07197985976679e-02
-9.44858029410000e-01   2.46846843264000e-01   2.15197444760000e-01   4.96646397889116e-02
-7.45713984757000e-01  -3.75387817582000e-01  -5.50449488462000e-01   4.69317478178560e-02
-5.47959656086000e-01   7.83337781334000e-01  -2.93465731624000e-01   4.92718944033801e-02
 2.02344889974000e-01   9.70126868696000e-01  -1.33829758037000e-01   4.74565839256637e-02
 5.60040594770000e-01   7.53999988317000e-01   3.43276200497000e-01   4.21795091664687e-02
-2.32357688100000e-03  -6.79684516664000e-01  -7.33500892159000e-01   5.30063671497445e-02
 7.63072705650000e-02   9.94892272265000e-01   6.60800048930000e-02   4.80753640801937e-02
-6.45270302485000e-01   6.12179142089000e-01  -4.57015245613000e-01   4.93377954000317e-02
-3.64370738009000e-01  -1.48272774982000e-01   9.19374325007000e-01   5.08772508490846e-02
-8.19560656673000e-01  -3.02700424284000e-01   4.86510825339000e-01   4.69790394106790e-02
 4.57982385830000e-02   5.33066372029000e-01  -8.44832980153000e-01   4.92596402485605e-02
 8.82645511854000e-01  -3.92230672301000e-01  -2.59021234864000e-01   5.45954431934890e-02
-9.63136576269000e-01  -2.53385017168000e-01   9.03546818210000e-02   4.65767507216837e-02
-8.75317565873000e-01  -3.98634735229000e-01   2.73696011558000e-01   5.05984182499680e-02
 6.81492329730000e-01   4.46834327301000e-01  -5.79575093034000e-01   5.06436139483821e-02
 2.24774174401000e-01  -6.64088951578000e-01  -7.13065519370000e-01   4.43953570781391e-02
 1.58207871362000e-01  -8.80957417120000e-02  -9.83468052217000e-01   5.29251959425118e-02
 9.65298956023000e-01  -2.05309286516000e-01  -1.61387801188000e-01   4.44954693222066e-02
 6.38866591145000e-01   7.69068103463000e-01  -1.95890519060000e-02   4.99113372396658e-02
 2.51997203612000e-01  -2.88601811358000e-01  -9.23691725551000e-01   4.40517640929042e-02
 5.79504002644000e-01  -3.58771670119000e-01   7.31749957048000e-01   5.08807691757963e-02
-2.99370202941000e-01  -1.08336758814000e-01  -9.47966575508000e-01   5.12161069047056e-02
-9.94286730972000e-01  -8.24247477280000e-02  -6.78237242840000e-02   4.95453079120964e-02
-1.77181335452000e-01   5.17121849547000e-01  -8.37371940710000e-01   5.15264783010132e-02
-3.20827400860000e-02  -9.27880044276000e-01  -3.71496058153000e-01   5.47362223146544e-02
-1.73246644350000e-01   1.06249205960000e-01  -9.79130587028000e-01   5.22807847967425e-02
 2.26031546216000e-01  -1.53532544240000e-02   9.73998982388000e-01   4.62448439904099e-02
-3.78355793020000e-01   9.19847064957000e-01   1.03577367110000e-01   5.14905042483452e-02
-4.01672755978000e-01   8.13735483630000e-02  -9.12160809689000e-01   4.54637930504699e-02
-5.51168919678000e-01  -8.33285816285000e-01  -4.29833730510000e-02   4.64636630566426e-02
 7.98329973753000e-01  -1.17363005774000e-01  -5.90673495159000e-01   4.92342318747366e-02
 6.66672205442000e-01  -4.99197463397000e-01  -5.53488990883000e-01   5.40071036990061e-02
 1.39299018326000e-01   8.74322323067000e-01   4.64926078942000e-01   4.71461428670492e-02
-1.60980028082000e-01   7.48679478275000e-01   6.43089783287000e-01   4.71601013952786e-02
 1.77491076530000e-02  -9.62133269905000e-01   2.72000992866000e-01   4.80452710284917e-02
 4.91151072993000e-01  -5.75190192392000e-01   6.54161192730000e-01   4.65271816524777e-02
-6.64596907735000e-01  -2.29529258128000e-01  -7.11074728767000e-01   5.13570192217370e-02
 5.27251809660000e-02  -5.96544047424000e-01   8.00846586291000e-01   4.99031105580450e-02
-3.36971277600000e-02   9.89433121221000e-01  -1.41019864603000e-01   5.12197265128604e-02
 9.06752153731000e-01   2.56195067722000e-01  -3.34909866947000e-01   5.15495498975201e-02
 8.87088418043000e-01  -4.07706226979000e-01   2.16448079356000e-01   4.67644601643127e-02
 9.01796054830000e-02  -8.14454200933000e-01  -5.73177104687000e-01   4.96146631573427e-02
 8.27033437099000e-01   5.01999574632000e-01   2.53006167890000e-01   4.82368871915355e-02
 3.94115328561000e-01  -4.24546627965000e-01   8.15127762058000e-01   4.63420986446631e-02
-8.78677753867000e-01  -4.74339533940000e-01   5.41055579460000e-02   5.03153160177962e-02
-2.31983347647000e-01   5.84650935171000e-01   7.77410451703000e-01   4.87406121193922e-02
-7.37076734723000e-01  -1.19222631146000e-01   6.65209629630000e-01   4.76431393855686e-02
 1.12202898159000e-01  -2.14924748285000e-01   9.70163832669000e-01   5.03937560958998e-02
-6.66838166582000e-01   7.42215506307000e-01  -6.66558458550000e-02   5.04840583472868e-02
-2.04582592053000e-01  -3.12511865900000e-01  -9.27621850056000e-01   4.94362271364797e-02
 4.98631589373000e-01  -8.61789819580000e-01  -9.31925155130000e-02   4.43683958331025e-02
 7.95495364787000e-01  -5.94279429469000e-01   1.18402214135000e-01   5.28678926422436e-02
-1.07211722060000e-02   5.99497255568000e-01   8.00305002504000e-01   4.63002117535347e-02
 5.33493973258000e-01   6.14619080186000e-01  -5.81057283552000e-01   4.50928765067288e-02
-7.11289696806000e-01   3.19878453693000e-01   6.25895152626000e-01   4.68290571438348e-02
-9.69630512269000e-01   8.67124580600000e-02  -2.28686727413000e-01   5.16800631230700e-02
-4.82611998602000e-01   2.67663661507000e-01  -8.33931545820000e-01   5.01198263027594e-02
 7.24043048826000e-01   8.37409848400000e-02  -6.84652547578000e-01   5.19186533450971e-02
-1.26020333737000e-01   9.30237790295000e-01  -3.44639708959000e-01   4.75055779630626e-02
-7.03268832960000e-02  -1.00893901115000e-01  -9.92408459357000e-01   4.46715971600705e-02
-7.58472951984000e-01  -3.67843865680000e-02  -6.50665574633000e-01   4.70775451534234e-02
-1.23446922553000e-01  -9.81914840627000e-01  -1.43541293952000e-01   4.94090066121766e-02
-3.21857289838000e-01   6.59313413214000e-01  -6.79495186248000e-01   4.90144040647221e-02
 1.12304730497000e-01  -4.99402779629000e-01  -8.59060248881000e-01   4.88382654261228e-02
 7.53599065560000e-01  -5.58129721526000e-01   3.47245824072000e-01   4.84425498457170e-02
 5.71916027440000e-01  -6.82003558689000e-01  -4.55832429181000e-01   4.53438876104992e-02
 4.50206487301000e-01   8.88237405817000e-01  -9.13697417090000e-02   4.76589570136972e-02
-1.36205108029000e-01  -8.24082185779000e-01  -5.49851543262000e-01   4.60120766297809e-02
 9.61944707262000e-01   3.40430052660000e-02  -2.71115204229000e-01   4.83547156402008e-02
 5.76484644066000e-01  -6.75842911445000e-01   4.59240475356000e-01   5.27464371357424e-02
 2.93119301871000e-01   4.02091384890000e-01   8.67412008833000e-01   4.66152903515379e-02
 4.47836396605000e-01   7.73227950244000e-01  -4.48955564435000e-01   4.93444993834697e-02
 3.28047598732000e-01  -7.81637777048000e-01  -5.30497086191000e-01   5.25642777671192e-02
 8.35797650954000e-01   1.53602030094000e-01   5.27113557983000e-01   4.65060131322608e-02
-8.50047653597000e-01   3.06564332475000e-01   4.28295805102000e-01   5.12934450455657e-02
 3.68022578358000e-01   8.42157899657000e-01   3.94118578430000e-01   5.43993862547366e-02
-8.39148004395000e-01   5.36096392167000e-01  -9.18220290830000e-02   4.75455256120099e-02
-6.18788937351000e-01  -5.54192883326000e-01  -5.56749943047000e-01   4.89158176891695e-02
-9.23751292920000e-02   8.76658638181000e-01   4.72161484655000e-01   4.88286674734355e-02
 7.53763217185000e-01  -5.57024452642000e-01  -3.48661399609000e-01   4.71747822529503e-02
-9.35884167900000e-01   3.14180957288000e-01  -1.59408752431000e-01   4.98021338011686e-02
-5.45859553498000e-01  -4.20766049338000e-01  -7.24564199763000e-01   4.88253228723850e-02
 8.26034180307000e-01  -3.47228630098000e-01   4.43959245206000e-01   5.18094750086946e-02
-4.61843296917000e-01   7.33316673250000e-02   8.83924903858000e-01   4.67523795034163e-02
-4.61503430917000e-01  -7.07745989597000e-01   5.34892697147000e-01   5.07483868378762e-02
-6.72324320109000e-01  -3.37621142572000e-01   6.58780671148000e-01   5.30291628341036e-02
-8.66405784000000e-04   8.41871131274000e-01  -5.39677911043000e-01   5.02992381859827e-02
-4.64052157925000e-01  -8.46004107985000e-01  -2.62550269470000e-01   4.94826945811795e-02
-7.74682328874000e-01   6.23607736071000e-01   1.04788743877000e-01   4.99013679268341e-02
-2.48120151831000e-01   9.22746033043000e-01   2.94917189662000e-01   4.74555690120713e-02
-3.46418144590000e-01   8.80199538165000e-01  -3.24412148528000e-01   5.00892345322993e-02
-1.68369456840000e-01  -9.82144647687000e-01   8.39262594380000e-02   4.59866619088251e-02
-1.01774321175000e-01   6.99254442547000e-01  -7.07591133443000e-01   4.78299964947435e-02
-2.22873227820000e-01  -6.75427653914000e-01  -7.02940259659000e-01   4.83820784763371e-02
 6.95190267418000e-01   5.82772129751000e-01   4.20817225020000e-01   5.01897421073940e-02
 1.03608714472000e-01   9.33594836317000e-01  -3.43024657841000e-01   4.96123463945361e-02
-4.99923033816000e-01  -3.24235605569000e-01   8.03086690427000e-01   4.58486470334448e-02
-8.67041702891000e-01  -3.64037869020000e-01  -3.40169245181000e-01   4.99049194289979e-02
 9.44704277110000e-02  -9.80616106672000e-01  -1.71660681644000e-01   4.51240525204482e-02
-8.32801789597000e-01   4.54937853481000e-01  -3.15392975055000e-01   4.95765464568248e-02
 8.09633091498000e-01   5.86607743147000e-01   1.96370270680000e-02   4.60605088377991e-02
 1.49818928846000e-01   2.04662202493000e-01   9.67299163357000e-01   5.04961991231016e-02
 1.93340140868000e-01  -9.00813930719000e-01  -3.88785097647000e-01   4.47118704827956e-02
 9.68300952428000e-01  -2.40899151892000e-01   6.60368393070000e-02   5.25878406659703e-02
 6.79209325784000e-01  -4.78163764513000e-01   5.56807063600000e-01   4.78245701202246e-02
-2.53522203644000e-01  -9.09744481780000e-01  -3.28772672420000e-01   4.52265872440771e-02
 9.10085916459000e-01  -1.63652065042000e-01  -3.80738264783000e-01   5.26251202946801e-02
-3.35316754454000e-01  -4.84486863844000e-01  -8.07982148903000e-01   5.30367461519233e-02
-8.44890489388000e-01  -1.87062811610000e-01  -5.01166205419000e-01   5.01846469755371e-02
-7.59650759110000e-02  -7.42555601306000e-01   6.65462610679000e-01   5.23663882033466e-02
 2.09342910794000e-01   6.00432063110000e-01   7.71788107767000e-01   5.00959299865597e-02
 6.63191566076000e-01   6.32735063391000e-01  -3.99779046777000e-01   4.86938703178788e-02
 1.42333154151000e-01  -7.63388901665000e-01   6.30062423927000e-01   4.51061415974276e-02
 9.67297585447000e-01   2.26998118521000e-01  -1.13169056621000e-01   4.69635299645246e-02
-2.79510777024000e-01  -3.60920434008000e-01   8.89724769714000e-01   4.96994183537333e-02
 6.98603550264000e-01   6.90971837951000e-01   1.85771361402000e-01   5.15333956031156e-02
 3.87537165809000e-01  -7.35279312420000e-02  -9.18917073758000e-01   4.87342215109029e-02
-3.94014387961000e-01  -9.10030322678000e-01   1.28831183677000e-01   4.98954769715403e-02
 4.72852791514000e-01  -8.70740742224000e-01   1.34984433879000e-01   5.51577976491888e-02
 3.99460806361000e-01   3.02058013454000e-01  -8.65558791007000e-01   4.91293856012244e-02
-4.00768624083000e-01   4.42563699424000e-01   8.02198156258000e-01   4.63145939430096e-02
-9.14868623103000e-01   3.98904338595000e-01   6.23757253390000e-02   4.98972672219275e-02
 9.17936994254000e-01   3.90827016780000e-01   6.81609678300000e-02   5.13667931472299e-02
-4.10861855149000e-01  -5.16663770608000e-01   7.51166482296000e-01   5.21017720727525e-02
 5.03246294685000e-01   6.70238691440000e-01   5.45456930822000e-01   5.05238087293037e-02
-1.33857181540000e-02   9.60913494933000e-01   2.76525003943000e-01   5.18387699002050e-02
 9.98415303822000e-01  -2.77308694300000e-03  -5.62066818290000e-02   5.28170192024630e-02
-8.88113811849000e-01   2.46198582411000e-01  -3.88123840058000e-01   4.67492428261599e-02
-3.95265275664000e-01   4.69403853409000e-01  -7.89572912567000e-01   4.65068615960809e-02
-5.72009344918000e-01   4.97377865473000e-01   6.52242721895000e-01   5.14223801409539e-02
-5.84374093920000e-01   8.01556198419000e-01   1.26548722360000e-01   4.70097635748605e-02
 4.48341349618000e-01  -8.26597914231000e-01  -3.40185129615000e-01   4.76772312961569e-02
-8.37791509310000e-01   4.74562306056000e-01   2.69992601006000e-01   4.79003419232838e-02
-7.48377807257000e-01   4.14813689467000e-01  -5.17552181559000e-01   4.93000395178439e-02
 8.10403801089000e-01  -3.40760192703000e-01  -4.76579657821000e-01   4.42947176432778e-02
-2.68395993612000e-01   3.03675071615000e-01  -9.14190921795000e-01   4.80349707688846e-02
 7.50097022350000e-01   6.33101010728000e-01  -1.91148024516000e-01   5.06903478187697e-02
 7.90582001553000e-01   3.80581732754000e-01   4.79726634151000e-01   5.08917875385907e-02
-4.25724210280000e-02  -3.91300437633000e-01   9.19277736310000e-01   5.06628341770003e-02
 7.95390478252000e-01   2.62085746399000e-01  -5.46502560507000e-01   4.87073699936132e-02
 4.35280656305000e-01  -2.82819702140000e-02   8.99850476695000e-01   4.64879504169252e-02
 1.82019600101000e-01  -4.21437671921000e-01   8.88402585467000e-01   4.65318082008670e-02
-9.46627650121000e-01  -1.43339753976000e-01  -2.88703666337000e-01   4.72910039271709e-02
-3.53908018939000e-01  -7.91872557139000e-01  -4.97681592367000e-01   5.52109071404053e-02
-6.30509831321000e-01   3.50777968029000e-01  -6.92395963126000e-01   4.71851896856674e-02
 9.05687090475000e-01   2.92287544451000e-01   3.07081236005000e-01   4.87717266527153e-02
-6.64104165414000e-01   9.36449366750000e-02   7.41752171089000e-01   4.98128357584652e-02
 4.21718760367000e-01   5.49156876139000e-01   7.21512309350000e-01   4.99182244969858e-02
 5.10974923835000e-01   3.42053987222000e-01   7.88608709714000e-01   5.02819394472852e-02
-5.36931636182000e-01   5.53242440272000e-01  -6.36888703267000e-01   5.08733538967906e-02
-7.22525267651000e-01   6.42664044179000e-01  -2.54833600464000e-01   4.56254601653825e-02
-7.44364394004000e-01  -5.57967230476000e-01  -3.66870847375000e-01   4.98128851418991e-02
 2.44030397250000e-02  -3.06627879343000e-01  -9.51516597470000e-01   5.33869289224486e-02
-6.67550339841000e-01  -7.14500490298000e-01  -2.09441144816000e-01   5.17069846813249e-02
-3.99046339430000e-01   6.52147684247000e-01   6.44566068699000e-01   4.86732750523134e-02
 5.82510460902000e-01   1.13836890298000e-01   8.04812229869000e-01   4.70028341446203e-02
 3.49598487784000e-01  -2.31939976002000e-01   9.07736054628000e-01   5.35418348761299e-02
 6.97421911385000e-01   2.57576850254000e-01   6.68772639791000e-01   4.96032057647678e-02
-3.27334648581000e-01   8.09027560376000e-01   4.88186884697000e-01   5.09149675556107e-02
 8.05506306337000e-01   4.56260000285000e-01  -3.78135428903000e-01   4.80876181950877e-02
 9.29096429804000e-01  -1.96881149254000e-01   3.13077685558000e-01   4.90911252730886e-02
-7.22132109986000e-01   5.06605843438000e-01   4.71036872359000e-01   4.98533067670839e-02
 9.85866732068000e-01  -4.09307371780000e-02   1.62454490106000e-01   4.24612285320501e-02
 5.84051011385000e-01  -1.50092254672000e-01   7.97719707157000e-01   4.99050101334469e-02
-9.87294757303000e-01   1.58896510213000e-01  -9.80431086000000e-04   4.73061013882418e-02
 3.37735737205000e-01   8.92923270495000e-01  -2.97695490097000e-01   5.05686985531672e-02
 2.28252187232000e-01   8.27847917608000e-01  -5.12414641024000e-01   4.82247141119198e-02
-7.37073364602000e-01  -6.75781981376000e-01   6.44739031700000e-03   5.01511151446292e-02
 4.28573476715000e-01  -8.31506217980000e-01   3.53443325749000e-01   4.64639176707073e-02
-2.28237248713000e-01   8.17903932561000e-01  -5.28148573226000e-01   5.01548434656034e-02
-2.89869084977000e-01  -6.83225732012000e-01   6.70207813064000e-01   4.46134015446440e-02
-4.48064963628000e-01   7.40908898017000e-01  -5.00291708114000e-01   4.82009984761640e-02
 7.92091013230000e-01  -5.97855915620000e-01  -1.23126483418000e-01   4.58629867293811e-02
 2.74435583603000e-01  -6.10550759251000e-01   7.42908393297000e-01   5.21144149423101e-02
-6.34370737156000e-01   1.12999100102000e-01  -7.64725422107000e-01   4.82701390759598e-02
-8.92365595000000e-01   2.81680330150000e-02  -4.50433354423000e-01   4.88283062211111e-02
-4.31532021302000e-01  -8.36033486304000e-01   3.38862987607000e-01   4.73328597158639e-02
-3.38901042715000e-01  -9.36378412906000e-01  -9.13320923340000e-02   5.13062324843562e-02
-6.78734376147000e-01   6.69906487095000e-01   3.00906871280000e-01   5.06529443397603e-02
 6.19261568819000e-01   2.79636058852000e-01  -7.33702108470000e-01   4.74961633891968e-02
-9.88280332485000e-01  -6.96431728600000e-03   1.52490926639000e-01   5.17761759511140e-02
-1.58994329306000e-01   4.10577979910000e-01   8.97856628678000e-01   4.87929009295546e-02
-1.33807768589000e-01  -1.85328351961000e-01   9.73523950925000e-01   4.72357767374192e-02
-6.20177402660000e-01  -6.85986473683000e-01   3.80529298679000e-01   4.80853487219283e-02
 4.45931669481000e-01  -6.26123931499000e-01  -6.39620018885000e-01   5.14603791291957e-02
-5.51533540717000e-01   6.79600502101000e-01   4.83687823920000e-01   4.73330146934127e-02
-2.61073171824000e-01   9.57342095758000e-01  -1.23842281325000e-01   4.92448122703775e-02
-4.70427370241000e-01   8.24484539919000e-01   3.14520798617000e-01   4.96841222370957e-02
-7.82730604963000e-01   1.90484296156000e-01  -5.92493487704000e-01   5.19420778098042e-02
 7.23484353670000e-02   4.12938008445000e-01   9.07880997203000e-01   5.17103855297206e-02
 4.82272377601000e-01   4.67678962612000e-01  -7.40735946025000e-01   4.95168126252097e-02
 3.71116103408000e-01   1.91116857559000e-01   9.08706324699000e-01   5.07000003747395e-02
 1.74953578941000e-01   3.33033195933000e-01  -9.26542031223000e-01   5.07052016270927e-02
 5.31758433895000e-01  -4.39540952900000e-01  -7.23903804869000e-01   3.90760105598655e-02
 5.69642452050000e-01   7.82989761354000e-01  -2.49868986543000e-01   4.89208089475600e-02
 9.76653070479000e-01   1.80372306303000e-01   1.16681665411000e-01   4.85360612574389e-02
 4.71643932659000e-01  -2.61955350580000e-01  -8.41980638191000e-01   5.31612770404355e-02
-8.66324523585000e-01  -8.33562580030000e-02   4.92476957924000e-01   4.78615979387545e-02
-8.11680830332000e-01   1.22766208054000e-01   5.71054014810000e-01   4.99756587664545e-02
-8.11817725810000e-02   2.14083394246000e-01   9.73436089381000e-01   4.64494411987664e-02
 9.02912404580000e-01  -4.28804102059000e-01  -2.96012113330000e-02   4.81694057116630e-02
