 0.00000000000000e+00   0.00000000000000e+00   1.00000000000000e+00   4.49716952240345e-02
 8.56189577838000e-01   0.00000000000000e+00   5.16661791506000e-01   4.51097173490896e-02
 6.00322140283000e-01  -5.22573481615000e-01  -6.05417446230000e-01   4.61267313095110e-02
-2.40951019808000e-01  -5.47296024380000e-01   8.01504627405000e-01   4.22096891444787e-02
-9.28449062229000e-01   2.24060947337000e-01  -2.96275261748000e-01   4.25270032421012e-02
 2.68508720623000e-01   9.56113680677000e-01   1.17259100163000e-01   4.54442045109161e-02
-4.82714534262000e-01  -3.60444741683000e-01  -7.98164310531000e-01   4.06725784739143e-02
 9.27921842533000e-01  -2.03260134058000e-01  -3.12484194885000e-01   3.62982126397176e-02
-5.55871371890000e-02   5.59070562442000e-01   8.27254601916000e-01   4.26325904969324e-02
 6.11193421305000e-01  -1.52298948652000e-01  -7.76690177609000e-01   4.68284682701991e-02
-6.87570861259000e-01   4.00926360849000e-01   6.05396038906000e-01   4.48614013768677e-02
 7.70512942907000e-01  -1.02747592643000e-01  -6.29088814889000e-01   4.20833869918379e-02
-1.44908563051000e-01   9.63813462588000e-01   2.23752357950000e-01   4.26131686573197e-02
-7.13170094356000e-01  -4.85224421681000e-01   5.05910740270000e-01   4.43860877881135e-02
-8.78903232921000e-01   4.76636709614000e-01   1.86159665220000e-02   4.41183448013035e-02
-7.78503983956000e-01  -2.74630302892000e-01   5.64366674865000e-01   4.30983641442520e-02
 3.78261148554000e-01   5.91962038119000e-01  -7.11687746783000e-01   4.50838695641422e-02
-3.20633054106000e-01  -6.65203479894000e-01  -6.74313558333000e-01   4.35903617048027e-02
-7.33872866289000e-01   1.11673771263000e-01  -6.70044464895000e-01   4.51646813529722e-02
-2.94303823202000e-01  -3.51951944871000e-01   8.88546615632000e-01   4.35445920950383e-02
 6.33456966696000e-01  -6.51429637814000e-01  -4.17578373869000e-01   4.44228088266118e-02
-6.53756647162000e-01   5.62869244860000e-02   7.54608526604000e-01   4.30458942907425e-02
-6.33124928913000e-01   7.57765740923000e-01  -1.57936399453000e-01   4.19785700752861e-02
 7.80122793349000e-01   1.83199601434000e-01   5.98202585528000e-01   3.71760127140113e-02
 4.77247558530000e-01  -6.87613167365000e-01   5.47195486040000e-01   4.50558656785684e-02
-2.92534281478000e-01   7.87384798474000e-01   5.42631434117000e-01   4.36182108106409e-02
-4.07973041960000e-01   3.47274460066000e-01   8.44368667360000e-01   4.30758699799529e-02
-7.76380461149000e-01   6.25295216508000e-01  -7.89890610030000e-02   4.37188436467587e-02
-4.89012665524000e-01  -2.93529482640000e-01   8.21405536735000e-01   4.28287033353990e-02
 3.43249482710000e-01  -4.60974491600000e-03  -9.39232954528000e-01   4.14370909115367e-02
-2.42888432300000e-01  -9.67074880191000e-01  -7.59696357660000e-02   4.36336181354938e-02
 3.19187436541000e-01   8.82812551833000e-01  -3.44617728332000e-01   4.24703058846213e-02
 1.99321424139000e-01   5.21885237438000e-01  -8.29401452147000e-01   4.43481429786281e-02
 4.81951133441000e-01   6.42771056293000e-01   5.95456525842000e-01   4.38895420314524e-02
-7.24519931217000e-01  -6.87192502479000e-01  -5.32666293750000e-02   4.31131654911399e-02
-5.93004321717000e-01   5.99373267712000e-01   5.37677933691000e-01   4.29203541692434e-02
-7.30372201892000e-01   3.24109886633000e-01  -6.01256374677000e-01   4.31511387183400e-02
-1.27826425357000e-01  -7.61836012750000e-01  -6.35032514647000e-01   4.52127757076474e-02
 7.68660746847000e-01   6.36460840571000e-01   6.38612141740000e-02   4.18024298418114e-02
-4.85089111529000e-01   7.56519118286000e-01   4.38597056013000e-01   4.41197507718538e-02
-6.62579669020000e-02   2.04194126513000e-01   9.76685538195000e-01   4.24783008578078e-02
 1.75292146981000e-01  -9.82164582836000e-01   6.80102597380000e-02   4.21765436376482e-02
 3.80886687918000e-01   5.13223003708000e-01   7.69108236486000e-01   4.55654955648722e-02
-3.46214809437000e-01  -1.37506426503000e-01   9.28023323197000e-01   4.52039949371420e-02
-5.00006684927000e-01  -8.28085267812000e-01   2.53511546601000e-01   4.23296503794410e-02
 4.90606380124000e-01   7.69099858999000e-01  -4.09622737002000e-01   4.47490872053917e-02
 7.10611933498000e-01   2.83340944846000e-01  -6.44009773950000e-01   4.13305256065016e-02
-3.88738972395000e-01  -3.16477847880000e-02  -9.20804229497000e-01   4.31072253518714e-02
-3.42581652550000e-01   7.22716427601000e-01  -6.00265588396000e-01   4.27108283052037e-02
-7.57677649660000e-02   9.77570724607000e-01  -1.96506295531000e-01   4.33441223810046e-02
-9.94602153427000e-01  -9.63245230590000e-02   3.85764520820000e-02   4.36174916585154e-02
 7.69633890483000e-01  -1.79797382691000e-01   6.12647187048000e-01   4.18420891698309e-02
-8.92085300492000e-01  -1.36438590961000e-01   4.30776424079000e-01   4.45072968669556e-02
-5.66089203801000e-01  -8.24105718971000e-01   1.98186099000000e-02   4.40564668479140e-02
-8.41949994243000e-01  -4.67163112610000e-02  -5.37529341949000e-01   4.33008751241294e-02
 2.83656309768000e-01   6.85663868707000e-01   6.70376131047000e-01   4.25270714265781e-02
-1.85361963990000e-01   8.36413262302000e-01  -5.15804029599000e-01   4.32024993299720e-02
-6.50623248285000e-01   6.91277020121000e-01   3.14365186118000e-01   4.52361254119631e-02
-4.54704997762000e-01   8.61617456808000e-01  -2.25518786655000e-01   4.32713208176750e-02
-5.31076074089000e-01   6.38373778105000e-01  -5.57168846005000e-01   4.24210398342159e-02
-7.58421330033000e-01   1.89081228932000e-01   6.23735019873000e-01   4.42175052047037e-02
 1.83252934382000e-01   7.02072160002000e-01  -6.88122840916000e-01   4.16510633678443e-02
-2.97691746355000e-01   5.31886845201000e-01   7.92764787345000e-01   4.40094242399506e-02
 2.63713512285000e-01   3.52195183283000e-01   8.98005421092000e-01   4.26495045779888e-02
-2.79136299990000e-01   2.11560867134000e-01   9.36656247257000e-01   3.96008897856111e-02
-4.36826338372000e-01  -8.88593989000000e-01  -1.39940961900000e-01   4.31358777614189e-02
-7.79028396018000e-01  -5.78962787548000e-01  -2.40659196443000e-01   4.42965030215606e-02
 9.29737939470000e-02  -9.19872203956000e-01  -3.81039370707000e-01   4.59395911158491e-02
 8.77644358635000e-01   2.27011658815000e-01   4.22144627490000e-01   4.68644477022590e-02
-6.51992184040000e-01  -3.26208920897000e-01  -6.84466165620000e-01   4.33128094282106e-02
 6.41353513105000e-01  -7.39290538248000e-01  -2.05219812116000e-01   4.14604177368199e-02
-4.07299011096000e-01   1.79999398785000e-01  -8.95381333286000e-01   4.54586609489475e-02
-8.28916198463000e-01   3.16988979769000e-01   4.60886019132000e-01   4.23938577449128e-02
 5.02020228826000e-01  -5.10659048760000e-01   6.97999302126000e-01   4.49634199518575e-02
-9.30468575676000e-01   2.06416145437000e-01   3.02688956823000e-01   4.39501919223810e-02
 2.85441747950000e-01   9.52661842279000e-01  -1.04682485602000e-01   4.21587586042840e-02
-8.04445058241000e-01  -5.83733582485000e-01   1.10105644504000e-01   4.07977007384584e-02
-1.02076460720000e-02  -2.40861391312000e-01  -9.70505844463000e-01   4.13674579524113e-02
 1.73150814389000e-01   5.42305309778000e-01   8.22145818248000e-01   4.34042913978065e-02
 3.00050113347000e-01  -9.49463108504000e-01  -9.21397583630000e-02   4.29638877950745e-02
 5.59490730891000e-01   7.29770618893000e-01   3.92943972911000e-01   4.15589323874540e-02
 2.91189626355000e-01  -2.46108800899000e-01   9.24466905640000e-01   4.48445165390817e-02
-2.17110025672000e-01   3.11839767143000e-01  -9.24996862903000e-01   4.33327140613299e-02
 8.69271574754000e-01  -4.03253695940000e-01  -2.85925490358000e-01   4.50442782860189e-02
 4.59067869675000e-01   8.87253946835000e-01   4.51345195710000e-02   4.23617460990789e-02
-7.89274731045000e-01  -4.74593039930000e-02   6.12203408516000e-01   4.31987408762555e-02
-8.99056350171000e-01  -4.05138567642000e-01   1.66013313401000e-01   4.39506132479749e-02
 8.41833692361000e-01   3.08437265208000e-01  -4.42924923476000e-01   4.53281690196272e-02
 3.38212574891000e-01  -4.48554726885000e-01   8.27291309742000e-01   4.37443415327420e-02
-1.67347834754000e-01  -3.73368127077000e-01  -9.12464215126000e-01   4.46037757526474e-02
 2.57689582968000e-01  -7.01715091904000e-01  -6.64222860661000e-01   4.45952125648590e-02
-3.66771639500000e-02  -9.99300497303000e-01  -7.30080368200000e-03   4.56838987538202e-02
 6.49312741446000e-01  -3.49970143905000e-01   6.75213938075000e-01   4.50476115781556e-02
-4.71991931693000e-01  -8.07002186860000e-01  -3.54924057821000e-01   4.27802493514233e-02
-7.10260655590000e-01  -1.07506423335000e-01  -6.95681083589000e-01   4.35352431365341e-02
 4.34290762870000e-01   8.61741475831000e-01   2.62284506059000e-01   4.40018498921265e-02
 7.60491736447000e-01  -6.48562092808000e-01  -3.19300887540000e-02   4.50743761377400e-02
-4.34144977600000e-03  -8.43689776108000e-01   5.36813481113000e-01   4.28194198207725e-02
 1.82391546631000e-01  -3.27121240437000e-01  -9.27213577215000e-01   4.32456958409204e-02
 7.62881962639000e-01   6.26286103074000e-01  -1.60551637104000e-01   4.59399557752694e-02
 3.57354973428000e-01   1.37825028701000e-01   9.23743300073000e-01   4.53667310810170e-02
-1.33333786056000e-01  -7.18718798271000e-01   6.82396798430000e-01   4.58610817996884e-02
 7.72302026684000e-01  -5.83624271831000e-01  -2.50863087977000e-01   4.38779534086029e-02
 4.17880563311000e-01  -5.56506009430000e-01  -7.18106465836000e-01   4.39805138178875e-02
 5.26141163688000e-01  -8.17588519444000e-01   2.33932658571000e-01   4.50269340185814e-02
-6.64047535102000e-01  -1.83289065391000e-01   7.24876534061000e-01   4.48602042527238e-02
 2.23895716175000e-01  -3.39920863550000e-02   9.74020146785000e-01   4.18698576099029e-02
-9.91007549291000e-01   1.07181969854000e-01   8.01003282550000e-02   4.43079164195778e-02
 8.91632515028000e-01  -1.81791379798000e-01   4.14660526667000e-01   4.41505661404037e-02
-5.42418074452000e-01  -6.02124554044000e-01   5.85857195847000e-01   4.31303143956514e-02
 9.57129103884000e-01  -2.67154393534000e-01  -1.11948240330000e-01   4.56965782870233e-02
 8.78973449371000e-01  -4.71200045939000e-01  -7.33225204760000e-02   4.12380001076210e-02
 2.42649113938000e-01   9.11035993173000e-01   3.33368904742000e-01   4.15146617222919e-02
 7.87194696635000e-01  -3.67020867808000e-01   4.95600839571000e-01   4.50480093583595e-02
-3.46385244924000e-01  -6.78634221626000e-01   6.47667241210000e-01   4.33060234367297e-02
 7.10651699631000e-01   1.84340528860000e-02   7.03302458055000e-01   4.47008907167909e-02
-2.31146091280000e-01  -8.24863383881000e-01   5.15918484277000e-01   4.22809420813631e-02
-4.07049941532000e-01   6.47836766491000e-01   6.43908276916000e-01   4.28675484674530e-02
 9.35372028274000e-01   2.69058644515000e-01   2.29535649813000e-01   4.16109444352453e-02
 9.43111147119000e-01  -3.19620966520000e-01   9.15631036000000e-02   4.37536885984018e-02
-2.30172214610000e-02   9.13624669128000e-01  -4.05906604378000e-01   4.16471466138972e-02
-4.54628659129000e-01   1.14152965002000e-01   8.83335656973000e-01   4.80274270757499e-02
 9.52868557448000e-01   3.02679828440000e-01   2.06502707540000e-02   4.17671923170985e-02
 4.59243008568000e-01   8.70223341906000e-01  -1.78345715632000e-01   4.56434142836667e-02
 1.44344323177000e-01  -9.07303104899000e-01   3.94925046315000e-01   4.28507679553270e-02
-1.62349919671000e-01   8.92986497137000e-01   4.19782824223000e-01   4.04057792359319e-02
 4.82333247025000e-01  -8.63048599653000e-01  -1.50005844725000e-01   4.34086934980881e-02
-1.68664194770000e-01   6.84488002077000e-01  -7.09245066543000e-01   4.15041290217539e-02
 9.45175033796000e-01   4.11221667270000e-02   3.23964693899000e-01   4.05423653518481e-02
-8.29311394538000e-01   3.82873548921000e-01  -4.07001789217000e-01   4.51296841590303e-02
-2.09253824751000e-01   9.79713663160000e-02  -9.72941132962000e-01   4.23540856280821e-02
-4.06933098544000e-01   3.80868241518000e-01  -8.30267930196000e-01   4.21239043524475e-02
 1.81887503749000e-01  -1.25170708051000e-01  -9.75320065325000e-01   4.53782030564808e-02
-2.86692374672000e-01  -9.09485002937000e-01  -3.01072269957000e-01   4.47038484063408e-02
 6.82643689630000e-02   6.98117095866000e-01   7.12721892739000e-01   4.41050185118445e-02
 3.45182817426000e-01   7.54110175812000e-01  -5.58718771199000e-01   4.36340201240473e-02
 5.59853437098000e-01   4.47038725228000e-01  -6.97653572424000e-01   4.49708552324270e-02
 9.95779061166000e-01  -9.16812988060000e-02   4.31286365400000e-03   4.04465390694501e-02
 8.21468303674000e-01   4.77871788471000e-01  -3.11172588514000e-01   4.13298632418327e-02
-1.36587465794000e-01  -5.93401955864000e-01  -7.93232615924000e-01   4.19394888409001e-02
-6.18678654746000e-01  -6.78459197229000e-01   3.96143711116000e-01   4.38684667837732e-02
 3.67480235230000e-02  -9.75503602562000e-01   2.16892379203000e-01   4.28285083612759e-02
-7.74802224810000e-01  -5.47646621912000e-01   3.15855489009000e-01   4.28551106023244e-02
-2.19494785830000e-02   2.21036513725000e-01  -9.75018502384000e-01   4.54066609938898e-02
-4.96861988016000e-01  -6.85587808951000e-01  -5.32069094275000e-01   4.37121960393792e-02
 1.11910020800000e-03   7.87782287649000e-01  -6.15952770008000e-01   4.56309027790089e-02
-4.96224417821000e-01   8.68112502532000e-01  -1.19167993050000e-02   4.44237190912090e-02
-9.44225765977000e-01   3.07374693820000e-01   1.18146097967000e-01   3.91306034152417e-02
 2.89624815035000e-01  -9.25215140685000e-01   2.45141612061000e-01   4.67259306869667e-02
-5.86945295215000e-01   2.61105660723000e-01  -7.66367440829000e-01   4.30635812340322e-02
 8.44009732892000e-01  -5.18038239356000e-01   1.38866674727000e-01   4.54226195162450e-02
 2.46237698173000e-01  -7.99178219451000e-01   5.48344024818000e-01   4.66510744976319e-02
-6.53796629459000e-01  -6.46210081653000e-01  -3.93652762822000e-01   4.35899273854085e-02
 5.55057205317000e-01   2.46449309220000e-01  -7.94464748627000e-01   4.50524473553039e-02
 7.60376229170000e-02  -8.16730367658000e-01  -5.71987575430000e-01   4.18150577725658e-02
 1.71242188221000e-01  -5.73465651523000e-01   8.01132485608000e-01   4.31408988951535e-02
 1.98453011660000e-02  -4.69961119752000e-01  -8.82463999233000e-01   4.53864275314541e-02
 6.89015079112000e-01   7.23674529350000e-02  -7.21124935439000e-01   4.43825906433927e-02
 5.40053067932000e-01  -3.59595158366000e-01  -7.60942840099000e-01   4.09409800051589e-02
 9.31058746738000e-01   1.37641607616000e-01  -3.37911819824000e-01   4.12905930331031e-02
-8.57257264941000e-01  -3.50591280755000e-01   3.77088498319000e-01   4.35524627069823e-02
 7.52074269405000e-01  -4.72396881605000e-01  -4.59592732263000e-01   4.18467430262997e-02
 6.78762821460000e-01   6.19341702424000e-01  -3.94584449569000e-01   4.50093658971971e-02
 6.06546803844000e-01  -7.94784514372000e-01   2.04585058250000e-02   4.49958842166508e-02
-9.20072839730000e-02  -9.66684013723000e-01  -2.38865395797000e-01   4.23166456007779e-02
-2.00165188475000e-01   5.07952716821000e-01  -8.37805427768000e-01   4.59552297886953e-02
 6.15486596651000e-01   7.50042836934000e-01  -2.42099136938000e-01   3.77625768639652e-02
 1.48522808337000e-01   1.76382145553000e-01   9.73052061369000e-01   4.37722317275255e-02
-1.88296726080000e-01  -1.23100881572000e-01  -9.74366725573000e-01   4.42985939326833e-02
-7.80805508056000e-01   6.01135873954000e-01   1.70230489736000e-01   4.28306004831543e-02
 7.35246786604000e-01   6.15698375427000e-01   2.83421370551000e-01   4.44509040629663e-02
-1.01349359233000e-01  -9.25603507435000e-01   3.64673078809000e-01   4.42080335713918e-02
 8.31119008863000e-01  -2.68295248617000e-01  -4.87092242473000e-01   4.54189551509456e-02
-3.17567566990000e-01  -4.89440625438000e-01  -8.12156828800000e-01   4.38883906612572e-02
-5.77668282061000e-01   5.30396515550000e-02  -8.14546592445000e-01   4.23731812393608e-02
 8.23956392173000e-01   4.34278714326000e-01   3.64002557793000e-01   4.19022734490613e-02
-5.04737952838000e-01  -5.34180730116000e-01  -6.78152303350000e-01   4.33653117257271e-02
 8.69119374649000e-01   4.69806343702000e-01   1.54639943180000e-01   4.61340734341264e-02
 5.26717415260000e-01   3.01163107840000e-02  -8.49506781778000e-01   4.08680288806073e-02
 3.56736280864000e-01  -3.89614654398000e-01  -8.49081649191000e-01   4.19632583297276e-02
 4.85143445888000e-01  -3.02341195311000e-01   8.20503283680000e-01   4.14955414240392e-02
-9.52353993033000e-01  -2.09793863476000e-01   2.21378424427000e-01   4.32890663843627e-02
 9.33326330300000e-03   6.13127311781000e-01  -7.89928977658000e-01   4.39534195888889e-02
 4.79400993803000e-01  -7.99256278033000e-01  -3.62441842459000e-01   4.55010551109687e-02
 6.62634683745000e-01   5.68779708040000e-01   4.87242157064000e-01   4.45994313044254e-02
-8.64578280560000e-02  -3.88653640818000e-01   9.17318587758000e-01   4.67713585212064e-02
-3.82825189199000e-01  -9.19577800085000e-01   8.84394940350000e-02   4.49094987063788e-02
-8.55244240300000e-03   4.26611189979000e-01  -9.04394686137000e-01   4.17054293305512e-02
 8.23748237920000e-01   1.21942313533000e-01  -5.53686655695000e-01   4.36608423250184e-02
-6.66181996734000e-01  -7.22580323696000e-01   1.84605587768000e-01   4.39342385090360e-02
 4.15576460483000e-01  -1.92751862044000e-01  -8.88899839786000e-01   4.63178047142806e-02
-6.70467658765000e-01  -4.98037676096000e-01  -5.49937807155000e-01   4.42039071261842e-02
-4.94341291340000e-02   8.13038373632000e-01   5.80107636460000e-01   4.28548804119235e-02
-8.04756125053000e-01  -4.36319175638000e-01  -4.02483734033000e-01   4.39352078901328e-02
 7.06155719176000e-01  -6.83635280580000e-01   1.84355372640000e-01   4.10102969149450e-02
-6.13061912194000e-01  -7.62143040865000e-01  -2.08069885081000e-01   4.38436341301909e-02
-7.92359411400000e-01  -2.71255570254000e-01  -5.46431129029000e-01   4.39594990329937e-02
-3.31964362053000e-01   9.36906352649000e-01   1.09572572721000e-01   4.43499865160481e-02
-6.62901949210000e-01   7.45417643241000e-01   7.00966681020000e-02   4.42677742218685e-02
-9.54579424330000e-01  -2.97648458054000e-01  -1.35468839440000e-02   4.35473945771758e-02
 7.10790498466000e-01   4.62776335314000e-01  -5.29730998493000e-01   4.38968163881273e-02
 2.83529873826000e-01  -8.23438531516000e-01  -4.91487329911000e-01   4.42202288899185e-02
 2.08694458668000e-01  -5.42952817086000e-01  -8.13418011443000e-01   4.19465633282981e-02
-5.22365427038000e-01  -7.67566197480000e-02   8.49260137979000e-01   3.95329617899085e-02
-4.35763151243000e-01  -7.71491327463000e-01   4.63585599073000e-01   4.49869927850636e-02
 1.68753694765000e-01   1.16842143627000e-01  -9.78708385565000e-01   4.09033741341268e-02
 5.01959639430000e-02   3.83334357590000e-01   9.22244618035000e-01   4.42408668143101e-02
-1.80948300413000e-01  -9.71830894828000e-01   1.51004716600000e-01   4.25782688794598e-02
-1.38671822735000e-01  -1.87276584143000e-01   9.72469848690000e-01   4.03253062834221e-02
-3.10625188296000e-01  -8.97009193323000e-01   3.14462238577000e-01   4.35985219907206e-02
-9.37451459175000e-01   1.05133536230000e-02  -3.47957225942000e-01   4.50185145065438e-02
-3.06539430369000e-01  -8.07638256935000e-01  -5.03740035696000e-01   4.27651203971163e-02
 9.89095251198000e-01   8.65875427250000e-02   1.19135139666000e-01   4.72922445234271e-02
 1.35053475617000e-01   9.54595320591000e-01  -2.65534051731000e-01   4.54289871234085e-02
-8.68545703655000e-01  -4.91027181334000e-01  -6.72359119390000e-02   4.30254677108876e-02
 7.57538514670000e-02  -2.01637628955000e-01   9.76526303065000e-01   4.44933481246626e-02
 4.59605039457000e-01  -6.94823240536000e-01  -5.53158089625000e-01   4.14080974351525e-02
-1.20330603607000e-01   9.92584157874000e-01   1.72405154340000e-02   4.39523681457631e-02
 7.67325350657000e-01  -5.38196822144000e-01   3.48648801622000e-01   4.50252403227613e-02
 4.18914257520000e-01  -9.04774067626000e-01   7.67771541410000e-02   4.10921856270826e-02
 3.95206065405000e-01  -8.25983528632000e-01   4.01949469829000e-01   4.10676029413522e-02
-3.53100713760000e-02  -5.74121208881000e-01   8.18008579645000e-01   4.20685203283859e-02
 2.96649209698000e-01  -9.06859131715000e-01  -2.99342214883000e-01   4.12100224931534e-02
-4.38009025649000e-01  -4.95245608569000e-01   7.50253211018000e-01   4.47176699480133e-02
-5.96113346195000e-01   7.14599266025000e-01  -3.66055689047000e-01   4.60101702424086e-02
 9.77165789634000e-01  -3.51576212780000e-02  -2.09549424326000e-01   4.71808083456448e-02
 6.29178683902000e-01   7.76655466437000e-01  -3.06670862160000e-02   4.41635364913035e-02
 7.36571934325000e-01   3.85133740403000e-01   5.55998010399000e-01   4.39461526208744e-02
-8.61543230729000e-01   4.30931399397000e-01   2.68405273046000e-01   4.47460900250189e-02
-5.16675255578000e-01   4.74594897214000e-01   7.12605335240000e-01   4.32432323155910e-02
 5.70129552550000e-01   4.62234378968000e-01   6.79184564172000e-01   4.21951110000706e-02
-2.93941421205000e-01   9.49796432031000e-01  -1.07168925536000e-01   4.25793408193155e-02
 9.66593774822000e-01  -1.42169080171000e-01   2.13270783556000e-01   4.60471364863443e-02
 4.21762513680000e-02   9.21713971586000e-01   3.85570380611000e-01   4.47028887381278e-02
-8.52468069221000e-01   1.70662212701000e-01  -4.94138239882000e-01   4.28117719601396e-02
-8.78850160666000e-01   8.44121058620000e-02   4.69571071810000e-01   4.33988343513461e-02
-7.19047657300000e-03  -7.08283348200000e-03  -9.99949063961000e-01   4.43009629393752e-02
 3.71145596557000e-01   2.06351050899000e-01  -9.05356388363000e-01   4.48160367772932e-02
 6.49978556133000e-01  -5.34834439821000e-01   5.39888876111000e-01   4.13146447783194e-02
-5.20110896294000e-01   8.28280975020000e-01   2.08411328808000e-01   4.19158981524416e-02
-9.57645940073000e-01   2.73019470155000e-01  -9.15129628980000e-02   4.45411515617051e-02
 1.26309822200000e-01  -3.96146877070000e-01   9.09457794844000e-01   4.09546532595249e-02
-9.03789354630000e-01  -3.60593650775000e-01  -2.30514688206000e-01   4.36045203427598e-02
-1.73317332449000e-01   3.95481977733000e-01   9.01972897354000e-01   4.44054924610781e-02
 9.11937685490000e-02  -7.26967367589000e-01   6.80589555487000e-01   4.22054965924654e-02
 8.87483225390000e-02   9.95212819114000e-01  -4.09289618360000e-02   4.27040531469861e-02
-5.44284567583000e-01  -1.57243400109000e-01  -8.24032051933000e-01   4.44950510750162e-02
 6.10646856274000e-01  -6.92331647725000e-01   3.84431146605000e-01   4.36675098178090e-02
 1.85336266441000e-01   3.28296703279000e-01  -9.26213659453000e-01   4.50404325328767e-02
-5.90568333469000e-01   2.62162725476000e-01   7.63216711606000e-01   4.32192022233027e-02
-3.49804294039000e-01   8.79903019476000e-01   3.21570571086000e-01   4.41329023740993e-02
 9.86071760696000e-01   1.34276411668000e-01  -9.81444243350000e-02   4.15522918049760e-02
 1.65677410318000e-01   8.54408936826000e-01  -4.92479811142000e-01   4.45584243167457e-02
 6.14803847664000e-01   7.67294933743000e-01   1.82413578304000e-01   4.42211302767717e-02
 8.76153729888000e-01   4.76462118176000e-01  -7.30649816720000e-02   4.24040027925559e-02
-3.41545094312000e-01  -2.49947155610000e-01  -9.06020622256000e-01   4.27085305934588e-02
-1.10298658670000e-01  -8.86689040489000e-01  -4.49017540161000e-01   4.34719545794745e-02
 3.70979214059000e-01   7.95538160763000e-01   4.79054754184000e-01   4.54058115555353e-02
 4.59825546026000e-01   3.13074582891000e-01   8.30990236266000e-01   4.24126901103974e-02
 3.27658771886000e-01  -6.50396103461000e-01   6.85291644345000e-01   4.11284286003232e-02
-6.20332316899000e-01  -3.98251537986000e-01   6.75709648519000e-01   4.25501805286075e-02
-8.74896513574000e-01   4.40433409582000e-01  -2.01431135280000e-01   4.29884170289023e-02
 6.57252386570000e-02   9.82111959852000e-01   1.76454785481000e-01   4.40620418195746e-02
-5.72238913462000e-01   4.58736379384000e-01  -6.79781994576000e-01   4.55093903530500e-02
 5.13378893260000e-02  -6.71822595017000e-01  -7.38930864117000e-01   4.37053780672563e-02
-7.52665177380000e-01   5.88634860079000e-01  -2.94964628827000e-01   4.37862024922953e-02
-9.63592725089000e-01  -3.41316405900000e-03   2.67352595772000e-01   4.31143593747571e-02
 6.33420419942000e-01   2.56404029605000e-01   7.30092833277000e-01   4.59076886751882e-02
 6.10091293616000e-01  -1.43936635736000e-01   7.79147520272000e-01   4.36662341858350e-02
-3.83141133878000e-01   5.63598040208000e-01  -7.31819732314000e-01   4.26898972911478e-02
-6.94925978400000e-01   5.22375118450000e-01  -4.94168109219000e-01   4.22966807991825e-02
-4.08023027750000e-01   8.09483061646000e-01  -4.22201825830000e-01   4.16953758540146e-02
-2.22999226050000e-01   2.01314821130000e-02   9.74610726705000e-01   4.49894263889957e-02
-2.43559560739000e-01   9.15985414855000e-01  -3.18825124708000e-01   4.55947936352757e-02
-1.76621237494000e-01   6.88304064000000e-01   7.03592534033000e-01   4.44918616159101e-02
 9.24651982992000e-01   3.13845380237000e-01  -2.15684463170000e-01   4.66003511407196e-02
 1.06061815741000e-01  -9.79849749232000e-01  -1.69249402282000e-01   4.25320645827025e-02
-7.44285738023000e-01   5.23580059508000e-01   4.14611458429000e-01   4.29429965725869e-02
 5.46882546975000e-01   8.56456646950000e-02   8.32817086720000e-01   4.20052014475427e-02
 5.40208232297000e-01   6.21359768923000e-01  -5.67527182893000e-01   4.18938155914517e-02
 1.67604659702000e-01   8.23754481962000e-01   5.41606159025000e-01   4.37610965993856e-02
-9.01188991128000e-01  -2.05249038167000e-01  -3.81747605888000e-01   4.24111487032632e-02
-9.71879192793000e-01  -1.50124687564000e-01  -1.81420541284000e-01   4.36295117046784e-02
 3.86906717133000e-01   4.05283437235000e-01  -8.28280464420000e-01   4.09534535097470e-02
 4.29957459433000e-01  -8.31226607700000e-02   8.99014575157000e-01   4.47540790320363e-02
-9.88522542466000e-01   6.07913057310000e-02  -1.38302567524000e-01   4.29453597318939e-02
 8.85893220960000e-01  -3.58754404754000e-01   2.94089234974000e-01   4.07511319713212e-02
 8.91895334169000e-01  -4.52363719730000e-02  -4.49973758722000e-01   4.52299646770411e-02
 7.00183282057000e-01  -3.20286702697000e-01  -6.38090745587000e-01   4.25578842709487e-02
