 0.00000000000000e+00   0.00000000000000e+00   1.00000000000000e+00   4.08490044882427e-02
 8.24767056403000e-01   0.00000000000000e+00  -5.65472636537000e-01   5.03460277041833e-02
-7.29534184163000e-01   6.51285809415000e-01  -2.08822097948000e-01   3.94582707161892e-02
 6.93624145487000e-01   3.75552254540000e-01  -6.14691832472000e-01   3.67769388556984e-02
 4.03718601630000e-01   5.56622288440000e-01  -7.26073631741000e-01   3.48118403129787e-02
 8.56428793324000e-01   5.07457985438000e-01  -9.49532252220000e-02   4.01327227084457e-02
 2.18435934183000e-01  -6.27463459452000e-01   7.47378986667000e-01   2.20673459008340e-02
-6.63101143532000e-01   5.09711407783000e-01  -5.48170734555000e-01   3.86897858025208e-02
 5.54668032868000e-01   7.67467142134000e-01   3.21461598108000e-01   4.41580142844632e-02
-4.94170075762000e-01   6.62068590750000e-01  -5.63436879663000e-01   3.99657921906143e-02
-7.91585238357000e-01  -5.53609757554000e-01   2.58667830925000e-01   4.27998255580267e-02
 1.15998117348000e-01  -9.10109537261000e-01  -3.97800285267000e-01   3.94587589661226e-02
 4.04676180611000e-01  -6.29014579524000e-01   6.63760384169000e-01   4.21387453989115e-02
 2.99891993332000e-01  -8.99887753199000e-01  -3.16649370721000e-01   4.14833315708819e-02
 8.95922206555000e-01   1.14036814440000e-01  -4.29323892597000e-01   3.40128431576983e-02
-5.53058617771000e-01  -4.16808719150000e-02  -8.32099074766000e-01   3.88152194805790e-02
-6.74147154892000e-01  -3.96706493895000e-01   6.23016509615000e-01   4.04394615284996e-02
-5.16328411249000e-01   7.98424146244000e-01   3.09715763938000e-01   3.55307446168504e-02
 4.60636981050000e-02  -9.30490218789000e-01   3.63408982352000e-01   4.58916664562986e-02
 9.15111880441000e-01   3.93763763967000e-01   8.67199196370000e-02   3.43605843150363e-02
 5.73247192877000e-01  -5.11593346805000e-01  -6.40046797792000e-01   4.36740898038152e-02
 7.37246387384000e-01   5.05390459458000e-01   4.48384040503000e-01   4.70334166233378e-02
-3.11528432242000e-01   7.42117507036000e-01   5.93474213135000e-01   3.47633529948272e-02
-4.05325789419000e-01  -6.31281033681000e-01   6.61207426566000e-01   4.05529057822842e-02
 2.98046216877000e-01   9.46833816456000e-01   1.21137015901000e-01   3.67684184182527e-02
 6.84506872581000e-01  -3.55601694819000e-01  -6.36394355751000e-01   3.32961247578439e-02
 6.94451629710000e-01   1.17774076200000e-02  -7.19442997508000e-01   2.95674502764945e-02
 2.31971099951000e-01  -7.59264918637000e-01   6.08034696473000e-01   5.06626702659692e-02
 4.44041404124000e-01  -1.78548979101000e-01  -8.78036157277000e-01   3.26731442139938e-02
 6.19735784432000e-01   4.87296594894000e-01   6.15198818350000e-01   2.88585350447795e-02
 7.34318257820000e-01   5.02612868255000e-01  -4.56242261191000e-01   3.34416005035765e-02
-9.11332047919000e-01   7.38094718950000e-02   4.05001309002000e-01   3.67970100789460e-02
-1.90445223425000e-01  -9.34054406058000e-01  -3.02114189336000e-01   3.67744008879769e-02
 6.97807001820000e-01  -5.29267431765000e-01  -4.82640004439000e-01   3.72345398628387e-02
-4.04449169346000e-01   4.52687600944000e-01   7.94666474294000e-01   3.64156815322841e-02
 1.80829575726000e-01   3.71276869563000e-01  -9.10743734906000e-01   2.99461022621391e-02
 8.10167557194000e-01  -3.47620410175000e-01  -4.72004851352000e-01   4.90594856115331e-02
 9.19573092348000e-01  -3.74382377411000e-01  -1.19260904384000e-01   3.80764062109285e-02
-2.38360966457000e-01   9.60317204680000e-01  -1.44827193806000e-01   3.87357635799895e-02
 9.02825174292000e-01  -4.24142556368000e-01   7.07799162320000e-02   4.09505428215000e-02
 9.86651641497000e-01   9.05479466930000e-02  -1.35349945259000e-01   4.19312873282275e-02
 6.17833132257000e-01   2.92722659153000e-01   7.29791521946000e-01   4.48409611467879e-02
-4.80892145868000e-01  -7.32790639660000e-01   4.81415228746000e-01   3.66564280469328e-02
 7.13990429369000e-01   6.36520779111000e-01   2.91648700545000e-01   2.93964692258681e-02
 8.00455219540000e-02   9.10936805316000e-01  -4.04705882259000e-01   3.76379758036117e-02
 7.72000340270000e-01   1.90695555155000e-01  -6.06342048572000e-01   2.81576728201963e-02
-3.24427739109000e-01   2.73650241038000e-01  -9.05462416490000e-01   4.50814069620715e-02
 8.32693644828000e-01   3.16788091684000e-01  -4.54165827458000e-01   5.04088424472091e-02
 2.59004135491000e-01   7.46302183209000e-01   6.13147542714000e-01   4.78381871868894e-02
-6.66554870400000e-01   7.28531835547000e-01   1.57942930641000e-01   3.67019360861501e-02
-9.88432721938000e-01  -4.56397099330000e-02  -1.44629772449000e-01   4.10061423534264e-02
-1.33738461776000e-01  -8.76160160301000e-01   4.63095451654000e-01   3.85612914243797e-02
 1.74025235960000e-02  -5.26168270617000e-01  -8.50202389534000e-01   4.43938947966228e-02
 1.73612430842000e-01  -9.69744442286000e-01  -1.71622960333000e-01   3.62032664441319e-02
 7.61564543430000e-02   1.68948699763000e-01  -9.82678244040000e-01   4.07162927072535e-02
-5.17572050454000e-01   5.03056571372000e-01  -6.92136734026000e-01   3.84132081777324e-02
-7.92007031796000e-01   3.50027233543000e-01  -5.00205755029000e-01   3.90639803446746e-02
-4.60191560999000e-01   5.97611695485000e-01   6.56569865746000e-01   4.06553535461734e-02
 2.00968636451000e-01  -9.78933339619000e-01   3.60710929450000e-02   4.34673698160008e-02
-8.86181569835000e-01   3.44896093928000e-01  -3.09400888296000e-01   3.92467415533905e-02
 2.89754872705000e-01   1.99577392895000e-01   9.36061417851000e-01   4.86354996371605e-02
 3.54843505500000e-02  -1.82781743978000e-01  -9.82512948991000e-01   4.54145827008256e-02
-8.55685976080000e-02  -6.67973322097000e-01  -7.39249386925000e-01   3.72681402550857e-02
-4.83295301559000e-01  -8.05862573366000e-01  -3.42068946762000e-01   3.85570787247982e-02
 9.66181391122000e-01  -1.28235714773000e-01   2.23716608472000e-01   4.10690592955026e-02
 5.37008823832000e-01   1.26051516120000e-02  -8.43482443966000e-01   3.81751510291622e-02
-7.20245319903000e-01  -5.25443254300000e-03  -6.93699553191000e-01   3.52704292060745e-02
-5.34760785025000e-01  -8.35986822734000e-01  -1.23113504600000e-01   3.92024009818772e-02
 4.48616140293000e-01  -3.04757028025000e-01   8.40158742464000e-01   4.15247025416979e-02
-6.20817484091000e-01   1.56206559961000e-01  -7.68235095575000e-01   4.38447842912847e-02
-6.43058019337000e-01  -1.93685232018000e-01  -7.40919978584000e-01   4.27682819994820e-02
 5.91760081785000e-01   8.03966464677000e-01  -5.88041604080000e-02   3.97366001662478e-02
-1.85999496979000e-01  -5.05353779859000e-01  -8.42627880090000e-01   3.56960967817410e-02
-7.77688022508000e-01   4.87084301162000e-01   3.97429519801000e-01   3.69506727510664e-02
-2.67933603094000e-01   6.09399767087000e-01   7.46219477237000e-01   4.00787801382527e-02
-7.55030421229000e-01   6.55607121606000e-01  -1.04098567730000e-02   3.90199816091765e-02
-6.32551633205000e-01   6.56770162668000e-01  -4.10525741895000e-01   3.88192213004523e-02
 3.97880792148000e-01  -7.97839767618000e-01  -4.52926683302000e-01   3.71292376103647e-02
 7.46665059909000e-01   3.23073105879000e-01   5.81476617388000e-01   4.20332922893395e-02
-9.40274709620000e-02   9.53225299923000e-01  -2.87263576338000e-01   3.98549565167284e-02
 8.58027937302000e-01   4.27020757301000e-01  -2.85379276829000e-01   3.26178887263085e-02
 2.74021598281000e-01   1.90143800251000e-01  -9.42739358944000e-01   4.21196740690873e-02
 8.23737517311000e-01  -5.02335105556000e-01   2.62899114300000e-01   4.56628512669274e-02
 8.60207505938000e-01   1.61346420767000e-01   4.83746192991000e-01   4.93892533878503e-02
 3.59700598634000e-01  -9.26728019299000e-01  -1.08584794462000e-01   3.54750833488422e-02
-3.88515944416000e-01   9.21381562825000e-01  -1.05535122940000e-02   3.57348613834362e-02
-3.77236671273000e-01  -1.09557668760000e-01  -9.19613838012000e-01   4.24903608450269e-02
-4.91532577198000e-01   2.75984066086000e-01   8.25971259076000e-01   3.92327884108197e-02
-7.47483520873000e-01  -4.87409657279000e-01   4.51331598732000e-01   3.43723209300353e-02
-8.99649190090000e-01  -4.17421011900000e-01   1.28027472034000e-01   3.70204041958467e-02
-5.68970839929000e-01  -2.86673344686000e-01   7.70772714071000e-01   4.56626618029007e-02
 3.87223983062000e-01  -9.16085060113000e-01   1.04142928606000e-01   3.85140361278039e-02
-5.81957415955000e-01  -6.74881870841000e-01  -4.53718003197000e-01   4.10406891257844e-02
 5.26685645506000e-01  -4.63623039756000e-01   7.12499759877000e-01   2.68632854980708e-02
 3.65111496825000e-01   3.85497300003000e-01  -8.47399213227000e-01   4.99388634916761e-02
 6.96210108467000e-01  -7.82174159270000e-02   7.13563956989000e-01   4.43040968274351e-02
-1.84145374446000e-01   4.21986979566000e-01  -8.87703480982000e-01   3.20533358630861e-02
-6.18942117609000e-01  -9.39597333830000e-02   7.79796270543000e-01   4.01226604725020e-02
 4.79649984164000e-01   4.56795724393000e-01   7.49181926416000e-01   4.33359364374830e-02
-1.87526628586000e-01  -9.76607532830000e-01  -1.05221149919000e-01   3.71356547656236e-02
-4.47602803987000e-01   1.16928881340000e-01  -8.86554773588000e-01   3.49284049216337e-02
-3.08902956801000e-01  -4.92689170228000e-01   8.13533247520000e-01   4.51499492387926e-02
 3.15516002738000e-01  -6.86958237414000e-01  -6.54628163208000e-01   4.51273511277312e-02
 9.79978429942000e-01  -1.46678733068000e-01  -1.34638872966000e-01   3.47862063771974e-02
-3.02329608438000e-01   7.85716242784000e-01  -5.39672858023000e-01   3.95759501280665e-02
 4.95591527740000e-01  -6.63404112858000e-01  -5.60610400078000e-01   3.36737620070855e-02
 8.47129322720000e-02   9.75828174686000e-01  -2.01452457407000e-01   3.92090013187810e-02
-1.32977409273000e-01   7.49057067710000e-01  -6.49022740693000e-01   3.98390683836541e-02
-3.81128630456000e-01  -4.64350397308000e-01  -7.99449607897000e-01   3.79314634518305e-02
 2.39826649105000e-01  -8.71001823832000e-01   4.28764505597000e-01   3.64349697830764e-02
-8.17641721471000e-01  -2.88174255349000e-01   4.98415101963000e-01   4.50424225843763e-02
 6.99417008471000e-01  -6.75497483418000e-01   2.33493036635000e-01   4.30556545846068e-02
 5.57064478032000e-01  -8.12952502159000e-01   1.69668490147000e-01   3.01780192610047e-02
 9.79394203151000e-01   1.97129101258000e-01   4.38988869060000e-02   3.40237490224739e-02
 5.67256530086000e-01  -6.11477031178000e-01   5.51648320415000e-01   4.47978157378966e-02
-8.91938766936000e-01   1.77492556313000e-01  -4.15862511523000e-01   3.93056356039297e-02
-8.70457726152000e-01   4.91015200872000e-01   3.47479423170000e-02   3.99093628933728e-02
-5.60817204858000e-01   9.21689723880000e-02   8.22793378233000e-01   3.68896885571544e-02
-9.65285825919000e-01   1.48342062092000e-01  -2.14983503774000e-01   3.98323432522547e-02
 8.83658113299000e-01  -1.48323373209000e-01  -4.44014094101000e-01   2.88298129043122e-02
-1.61994637061000e-01   5.99520580133000e-01  -7.83793857822000e-01   4.04053891408120e-02
-4.03874803970000e-02   3.92274877717000e-01   9.18960974002000e-01   4.19550478239803e-02
 4.08341649176000e-01  -8.59508094424000e-01   3.07413293740000e-01   4.70906206620703e-02
 2.85678499280000e-02  -6.71900081390000e-01   7.40090642137000e-01   4.63879492775665e-02
-4.97338960553000e-01   7.13709886819000e-01   4.93226272386000e-01   3.90355457704873e-02
 4.12569643052000e-01   7.74354796699000e-01   4.79750912934000e-01   2.94625550333776e-02
-7.32962979692000e-01  -1.95787591272000e-01   6.51484834439000e-01   2.89573721875941e-02
 8.03948976920000e-01  -5.90052662634000e-01   7.41882593630000e-02   2.73212789793022e-02
 3.34882391576000e-01  -3.63285639077000e-01  -8.69412058953000e-01   4.53835371086573e-02
-9.96308397375000e-01  -7.08707467310000e-02   4.84449644280000e-02   3.24921770057547e-02
 2.16820529324000e-01   5.50329939753000e-01  -8.06303798500000e-01   3.79812093555748e-02
-2.93708547741000e-01  -7.69974765243000e-01   5.66457544635000e-01   3.78120507628907e-02
-1.50978497918000e-01   8.50568343669000e-01   5.03725109474000e-01   3.64633968419806e-02
 5.67209100878000e-01  -7.33261737200000e-01   3.74968079493000e-01   4.24915064617656e-02
 4.43797895668000e-01   7.98867381028000e-01  -4.06022579827000e-01   4.34114317383620e-02
-8.54311577444000e-01   1.02591738320000e-02  -5.19659963820000e-01   4.20471483048522e-02
-8.70928158302000e-01  -4.13078810946000e-01  -2.66176706390000e-01   3.51238442260560e-02
 5.57234832800000e-03  -9.99408310269000e-01  -3.39408058090000e-02   3.80128394956105e-02
 6.19123122045000e-01  -1.76332766483000e-01  -7.65240691034000e-01   4.82766272440417e-02
 5.01175074900000e-01   8.52027393510000e-01   1.51237776392000e-01   2.92525477668168e-02
 5.29468757710000e-01  -8.47289306383000e-01  -4.19960224130000e-02   4.36415262018212e-02
-2.21942887600000e-01   4.38330291262000e-01   8.70981004618000e-01   4.01878798222006e-02
-7.29880665589000e-01   3.82349338790000e-02   6.82504435026000e-01   3.93774255944528e-02
-1.14519823661000e-01   8.69649349121000e-01  -4.80203310652000e-01   3.82316192467900e-02
-6.82995438448000e-01  -7.29654551739000e-01  -3.34882992360000e-02   3.93834253555450e-02
 2.15482967407000e-01  -8.14112199119000e-01  -5.39248011589000e-01   3.70274738557213e-02
 5.77180790319000e-01   5.46759189261000e-01  -6.06561393632000e-01   4.81284363550663e-02
-7.99482827960000e-02  -3.49055073000000e-01  -9.33685615232000e-01   3.77807816941551e-02
-3.82225968313000e-01   7.77113477680000e-02   9.20795447195000e-01   4.23933773827102e-02
 1.25167775307000e-01  -6.79030732558000e-01  -7.23360416574000e-01   3.56915026296098e-02
 8.42799301031000e-01  -4.46177412614000e-01  -3.01023345696000e-01   3.03396920856580e-02
 8.14884430266000e-01  -5.67259361748000e-01  -1.19080568602000e-01   4.80919119899507e-02
 6.26375034509000e-01   2.04685530703000e-01  -7.52168963508000e-01   5.41218462427474e-02
 1.19534163355000e-01   9.92263504783000e-01   3.35368583390000e-02   4.30969433632498e-02
-8.72103607728000e-01  -3.66805968290000e-01   3.23865217359000e-01   3.73741148129085e-02
 9.13443707034000e-01  -3.19055656698000e-01   2.52634285102000e-01   3.08980608579694e-02
 9.21750714442000e-01  -2.58585881784000e-01  -2.88979172548000e-01   4.35452294548946e-02
-5.36959831656000e-01  -8.39115180003000e-01   8.69474201870000e-02   3.92915252484598e-02
-6.78232729571000e-01  -7.13118247353000e-01   1.77377365608000e-01   3.84389557268599e-02
-1.11406890630000e-01   7.32941016951000e-01   6.71108016933000e-01   4.54177304602443e-02
-6.02237177618000e-01   7.96182969524000e-01  -5.83357603350000e-02   4.11906087472715e-02
-7.76623776294000e-01   5.13132530243000e-01  -3.65445640966000e-01   3.83534230678019e-02
 4.10733542783000e-01  -7.62423153665000e-01   5.00008891510000e-01   2.88608666755480e-02
-4.27483790809000e-01   8.81749860736000e-01  -1.99436184498000e-01   4.10793705436027e-02
 3.41407088162000e-01  -1.48831622931000e-01   9.28057297891000e-01   4.74223793363148e-02
-1.45359352910000e-01   1.99425187218000e-01  -9.69071851425000e-01   3.47013838366379e-02
-6.61587496628000e-01   6.58112409599000e-01   3.59430161000000e-01   4.19196396967164e-02
 1.59293320417000e-01  -1.16733087710000e-02  -9.87162282471000e-01   3.11293778495358e-02
-7.89366750107000e-01   5.79204568083000e-01   2.03524450956000e-01   3.95226678323120e-02
 9.33565422958000e-01   2.25845499641000e-01  -2.78297343411000e-01   3.41849292304924e-02
-9.55636706575000e-01   1.85058527898000e-01   2.29154590396000e-01   3.75511246109417e-02
 1.00294304620000e-02   9.20715751947000e-01   3.90105004635000e-01   4.39628207698416e-02
 6.67614391033000e-01   7.34662942238000e-01   1.20670568856000e-01   4.57156943083570e-02
 2.16280917495000e-01   1.34915052600000e-02   9.76237954606000e-01   2.61011268375261e-02
-1.78867317223000e-01  -9.79628793127000e-01   9.12902541690000e-02   4.20437589675886e-02
-1.76305504879000e-01   9.35413171722000e-01   3.06461363173000e-01   3.61833309234620e-02
 1.23683136019000e-01   5.28173922200000e-01   8.40080228176000e-01   4.89385552587693e-02
-1.90552685190000e-01  -3.54067728636000e-01   9.15601287519000e-01   3.96491111996464e-02
-8.61182070190000e-02  -5.23488546113000e-01   8.47669391041000e-01   3.41146076078221e-02
-5.59837376035000e-01  -4.04719001256000e-01  -7.23038479209000e-01   4.21004030353800e-02
-7.44021337056000e-01  -5.63943401425000e-01  -3.58329582917000e-01   3.82431439913064e-02
-5.18096194960000e-01   8.48080942498000e-01   1.11063260080000e-01   4.00301094811115e-02
 6.84251570008000e-01  -4.33423565426000e-01   5.86467221484000e-01   4.56197057571595e-02
-9.73548959294000e-01  -9.72023415700000e-03   2.28271638419000e-01   4.32093748820203e-02
-3.40093486416000e-01   8.44050737137000e-01   4.14626064830000e-01   4.38492592120227e-02
-3.34409763580000e-01  -8.59888509222000e-01   3.85696592843000e-01   4.13578564382756e-02
-2.07305811121000e-01  -6.43725831968000e-01   7.36641944185000e-01   3.53071239125133e-02
-3.92098704097000e-01  -3.13427937770000e-01   8.64882381640000e-01   3.47584279226624e-02
-8.05691026256000e-01  -5.89865366160000e-01   5.40446113570000e-02   3.63059332259688e-02
-2.94010507634000e-01  -6.36359867396000e-01  -7.13164735926000e-01   4.18030213026114e-02
 3.42096719622000e-01  -4.76873368191000e-01   8.09667601633000e-01   4.94584034802194e-02
-1.25923498258000e-01   2.15443403560000e-01   9.68363264715000e-01   3.73274799602174e-02
-7.97855153083000e-01  -1.66322236816000e-01  -5.79451523633000e-01   3.85353247143567e-02
-5.97471078770000e-02   9.96584050618000e-01  -5.70132717410000e-02   3.62017419260493e-02
 9.40469532330000e-01   3.22165735993000e-01  -1.08288029401000e-01   4.43561888085178e-02
 9.54591586305000e-01  -2.50701776190000e-02  -2.96860892590000e-01   4.41068360994508e-02
 6.56556147724000e-01  -7.33535121395000e-01  -1.75670858613000e-01   3.12101720316235e-02
 5.35320282008000e-01  -1.15815374052000e-01   8.36671378024000e-01   2.76773237352582e-02
-8.84208123437000e-01   4.01189095206000e-01   2.39213930064000e-01   3.67521005319334e-02
 8.88746961748000e-01  -1.87001162353000e-01   4.18520493242000e-01   4.62463049623066e-02
-8.50781317599000e-01   4.99307392979000e-01  -1.63900204213000e-01   3.86899512133730e-02
 2.48766652136000e-01  -1.90747843029000e-01  -9.49594867912000e-01   3.89009911262464e-02
 4.24972662379000e-01   9.04854332883000e-01  -2.52363327940000e-02   4.32386283712844e-02
-1.76504572279000e-01  -1.55814788049000e-01  -9.71888824810000e-01   3.29817285068179e-02
 8.27552980959000e-01  -3.89882299540000e-02   5.60032125534000e-01   4.15044718885877e-02
-4.54160127431000e-01   7.92491888754000e-01  -4.07056734264000e-01   3.82520092676101e-02
-2.83604510485000e-01  -3.15834243047000e-01  -9.05437580704000e-01   4.39998689459373e-02
-9.40900567240000e-01   3.18072887106000e-01  -1.16343289689000e-01   3.67139596978486e-02
 6.53182172460000e-02  -8.33180216176000e-01   5.49130456147000e-01   3.13830316118320e-02
 1.50606354854000e-01   3.48226556431000e-01   9.25232938926000e-01   2.41133622795120e-02
-3.55223980013000e-01   4.75202259002000e-01  -8.04983687452000e-01   4.16805384424684e-02
 2.42505908020000e-01   7.02505580367000e-01  -6.69086537100000e-01   4.43323929457017e-02
-3.03000538658000e-01  -8.47609785623000e-01  -4.35601107539000e-01   3.92628866695925e-02
-7.27089542380000e-02   5.80169623294000e-01   8.11243869734000e-01   3.22494669002361e-02
-5.89261933787000e-01  -5.77307794289000e-01   5.65231000603000e-01   4.25156627659630e-02
-7.42160967490000e-01   3.68787071303000e-01   5.59636662822000e-01   4.04205915659016e-02
-9.87247148350000e-02  -7.68677988640000e-01   6.31971186417000e-01   3.89480180595907e-02
 6.55646352400000e-02   8.10536979724000e-01  -5.82006085110000e-01   4.09785933008297e-02
-6.58760863445000e-01  -5.17988102099000e-01  -5.45639488012000e-01   3.81823980948970e-02
-1.13752344570000e-02   3.42693763919000e-01  -9.39378298777000e-01   4.13015527386141e-02
 9.31959976029000e-01   2.57445020304000e-01   2.55289374243000e-01   4.69885864914258e-02
 3.22585083164000e-01   4.10610784340000e-01   8.52840927667000e-01   4.38278929619024e-02
 7.42029976285000e-01   1.26323718124000e-01   6.58356918802000e-01   2.78237452283348e-02
-5.84170633515000e-01   4.24765067846000e-01   6.91606324491000e-01   3.87740069017049e-02
 1.87638888040000e-02  -3.48910522267000e-01   9.36968176582000e-01   4.07367843162197e-02
 1.19779325172000e-01  -4.98794512110000e-01   8.58403720839000e-01   4.55681445673379e-02
-4.90464936566000e-01  -5.81146931130000e-01  -6.49393863874000e-01   3.71476635255877e-02
 1.58463627698000e-01   9.52377017293000e-01   2.60513522930000e-01   3.53557378714412e-02
-1.99689073724000e-01   3.10927131670000e-02   9.79365874953000e-01   3.70053727455831e-02
-7.72638068576000e-01   1.78695086418000e-01  -6.09178529724000e-01   3.67529539905776e-02
 8.15492130893000e-01  -3.81014676433000e-01   4.35660878201000e-01   4.06118539768255e-02
 1.29577263117000e-01  -3.63183707750000e-01  -9.22663171102000e-01   3.35158702646035e-02
-5.81861869811000e-01   7.73540393974000e-01  -2.51141440926000e-01   3.55231300318922e-02
 5.90529552417000e-01   6.48803028343000e-01   4.79926534102000e-01   4.06213816313253e-02
-4.04944542291000e-01  -7.29087959123000e-01  -5.51770482656000e-01   3.75567543117306e-02
-5.71874109800000e-02   7.43434513700000e-03  -9.98335780456000e-01   4.15200345881747e-02
 2.65587410277000e-01   9.09962821755000e-01  -3.18482323725000e-01   4.25140724739725e-02
-7.65403826810000e-02  -8.85599009960000e-01  -4.58100385698000e-01   3.72596812140523e-02
 9.20201386500000e-02   6.88583915175000e-01   7.19294436128000e-01   3.59688079073935e-02
 4.89861125568000e-01  -8.33760501766000e-01  -2.54714552691000e-01   3.94360127758294e-02
-6.33719644365000e-01   5.55303871236000e-01   5.38550854550000e-01   3.74552687193925e-02
 2.40268146680000e-02  -9.85395934628000e-01   1.68575099574000e-01   3.73577642104172e-02
 1.78293391240000e-02   5.21843493268000e-01  -8.52854901610000e-01   4.32882950347257e-02
 7.71958238063000e-01  -2.39315863827000e-01   5.88904403114000e-01   2.87417233416578e-02
 7.08661280891000e-01  -5.68067781697000e-01   4.18447349573000e-01   2.87329729898163e-02
 7.34509434338000e-01  -6.07009641205000e-01  -3.03373015203000e-01   3.96170517632976e-02
-2.77112504238000e-01  -1.54194405997000e-01   9.48384281372000e-01   4.49964749964860e-02
 4.55952743000000e-02   6.78324948970000e-01  -7.33345985580000e-01   3.37304925594475e-02
-2.09291186788000e-01   9.74462065187000e-01   8.13688063410000e-02   4.28434399046051e-02
 9.24693615072000e-01   1.54782106090000e-02   3.80397349150000e-01   2.86962472782891e-02
 9.75608455032000e-01   7.73360694120000e-02   2.05444091756000e-01   3.96721210609992e-02
-6.49700263604000e-01  -6.59721654987000e-01   3.77699490884000e-01   3.88956693389808e-02
 6.83633642418000e-01  -7.29575185017000e-01   1.91073902370000e-02   4.41379161177342e-02
 7.65229294980000e-01  -1.82116925836000e-01  -6.17460566699000e-01   3.47064905904319e-02
-8.08053028824000e-01  -3.82121714870000e-01  -4.48367369055000e-01   4.26935400829369e-02
 4.42587670920000e-01   8.69090877634000e-01  -2.20900882669000e-01   3.35971202953538e-02
-3.71341451562000e-01  -9.28474430999000e-01  -6.38414696600000e-03   3.81419698733208e-02
 3.63661285569000e-01   8.79117099291000e-01   3.08064271074000e-01   4.66584632492744e-02
 4.51299668287000e-01   6.32084334513000e-01   6.29919045170000e-01   4.44701811481791e-02
 5.19667976556000e-01  -3.53815313010000e-01  -7.77663113708000e-01   3.59439208856918e-02
 5.37749393316000e-01   3.89164483931000e-01  -7.47914831004000e-01   3.02663946973994e-02
 7.36177239641000e-01   6.71332451661000e-01  -8.57660258010000e-02   3.14471422489999e-02
 4.64594598544000e-01   2.52103209661000e-01   8.48879161414000e-01   2.69860770645188e-02
 2.59755902564000e-01   8.23286179068000e-01  -5.04704605130000e-01   3.49987397474562e-02
-5.18808030260000e-01  -8.04337654129000e-01   2.89619001256000e-01   3.92152428044220e-02
-9.92372460452000e-01   1.23201278068000e-01   4.28308524500000e-03   4.22643644235810e-02
 9.70368554099000e-01  -2.37069800213000e-01   4.67202209260000e-02   4.15011171581568e-02
 8.06318908862000e-01   5.84206647318000e-01   9.24792432980000e-02   4.12525072695771e-02
 7.24236624910000e-02   1.77983502503000e-01   9.81364705881000e-01   4.44777048780643e-02
-9.49275219790000e-01   3.05329230557000e-01   7.51705930500000e-02   3.77939517822050e-02
-3.34719196920000e-01   6.44885025080000e-01  -6.87085412188000e-01   3.71900728717287e-02
-7.89529260294000e-01  -5.92915952551000e-01  -1.58411553714000e-01   4.10937260309348e-02
 2.19058368549000e-01  -5.30474654883000e-01  -8.18907852994000e-01   3.70752059265450e-02
-2.68261684503000e-01   4.70155388530000e-02  -9.62198112519000e-01   3.98122875143354e-02
 4.59046710600000e-01   2.02372421462000e-01  -8.65055790408000e-01   2.88985521423863e-02
 9.99174887828000e-01  -2.68401174220000e-02   3.04819886140000e-02   3.76723797836099e-02
 4.22065634537000e-01   4.36820627180000e-02   9.05512273545000e-01   4.13700357541629e-02
 6.03434728765000e-01   6.64201939323000e-01  -4.41250849200000e-01   3.43220693792045e-02
-4.98673413439000e-01  -4.68407557249000e-01   7.29327900907000e-01   3.23306390680557e-02
-8.39422920521000e-01  -6.07930543270000e-02   5.40067926329000e-01   4.54786928874370e-02
 5.29241174110000e-02   8.21044126376000e-01   5.68406175494000e-01   3.50172921362895e-02
-8.11986210201000e-01   1.70034983536000e-01   5.58360545542000e-01   3.48182535901469e-02
-9.14953114489000e-01  -1.50708541251000e-01   3.74363104326000e-01   3.23797761319625e-02
-4.54576160374000e-01  -1.09593191273000e-01   8.83939956584000e-01   3.35600385389475e-02
-4.98757326092000e-01   3.19138701460000e-01  -8.05848384561000e-01   3.48623221214616e-02
 7.49555964367000e-01   6.00881031052000e-01  -2.77682989762000e-01   4.70384115172151e-02
-3.09597634561000e-01   2.62888470443000e-01   9.13804660079000e-01   3.86198415258048e-02
-1.59365781959000e-01  -9.46084009060000e-01   2.82006374649000e-01   3.50213421093225e-02
-6.66960919878000e-01   2.36496893966000e-01   7.06563762515000e-01   3.98007276954114e-02
 2.58561111836000e-01   9.59202958327000e-01  -1.14349622574000e-01   3.51108115145434e-02
-9.41006541222000e-01  -2.16154549970000e-02  -3.37697292679000e-01   3.51395486059631e-02
 2.94878988133000e-01   5.92426658155000e-01   7.49717971683000e-01   2.83361070251976e-02
 2.37234084100000e-02  -7.98123635717000e-01  -6.02026462876000e-01   4.14703162022013e-02
-3.67171704143000e-01  -9.05743567577000e-01  -2.11692062839000e-01   3.89531848057999e-02
-8.69820236241000e-01   2.86125183950000e-01   4.01926779072000e-01   4.26459398069856e-02
-6.49962750212000e-01  -7.17606824562000e-01  -2.50177674221000e-01   3.75067259229310e-02
-7.12442395573000e-01  -3.37693308259000e-01  -6.15133369723000e-01   3.25682715988863e-02
-9.48363851904000e-01  -2.32350882787000e-01  -2.15914500835000e-01   4.17486872899897e-02
 2.14555131053000e-01   8.67583483857000e-01   4.48625672780000e-01   3.67259065334489e-02
 5.87098847327000e-01  -7.09035956094000e-01  -3.90618684183000e-01   4.38787423214153e-02
 3.56359708289000e-01   4.12707874900000e-03  -9.34339727042000e-01   4.58711258728507e-02
-2.74735733700000e-02   9.84417283446000e-01   1.73688844834000e-01   3.79238150667528e-02
-8.95980156843000e-01  -4.37943515255000e-01  -7.36548436280000e-02   4.03219124914704e-02
 6.25369499893000e-01  -2.78750232342000e-01   7.28842436040000e-01   4.56338315948116e-02
-6.57975039601000e-01   3.41080338091000e-01  -6.71366554298000e-01   3.99235331175193e-02
 8.48304067178000e-01   3.38855907280000e-01   4.06886819289000e-01   2.49633938636336e-02
-1.92873130619000e-01  -7.77414713349000e-01  -5.98687162844000e-01   3.89877041688050e-02
 6.08956163135000e-01   7.50024742556000e-01  -2.58138096634000e-01   3.99636090138077e-02
 2.22179971961000e-01  -9.45556610186000e-01   2.37820850626000e-01   3.42134041150727e-02
-6.74352036400000e-03  -9.69521331279000e-01  -2.44914093362000e-01   4.02912644343312e-02
 1.29924230534000e-01  -1.72073343109000e-01   9.76478601359000e-01   4.69428145606205e-02
-2.81784381948000e-01   8.93020119012000e-01  -3.50874092987000e-01   3.82504005172588e-02
-9.65775305153000e-01  -2.58649368933000e-01  -1.94567187920000e-02   3.77329211407558e-02
-8.91459265469000e-01  -2.04331439095000e-01  -4.04411969417000e-01   3.85105263534078e-02
 8.42592138837000e-01   4.72968603751000e-01   2.57563948248000e-01   4.25516972194245e-02
-3.59255882992000e-01  -9.12879000164000e-01   1.93874035382000e-01   3.85258438448922e-02
 4.29050245158000e-01   6.95510186955000e-01  -5.76351860387000e-01   3.59715933408757e-02
 4.03584041530000e-01  -5.30491791388000e-01  -7.45451796357000e-01   3.48811334977584e-02
 5.95102114089000e-01   8.89895667710000e-02   7.98707913328000e-01   4.61142514321364e-02
-8.44736991300000e-02  -1.78497137078000e-01   9.80307587551000e-01   3.15308501596138e-02
-9.55568002348000e-01  -2.26107603549000e-01   1.89116748351000e-01   4.28601564697080e-02
 2.40093545315000e-01  -3.32284319558000e-01   9.12108667031000e-01   2.55325296334950e-02
-3.53247545934000e-01   9.10625601992000e-01   2.14422909898000e-01   3.73320737358844e-02
-4.74081271011000e-01  -2.62468932985000e-01  -8.40450479026000e-01   3.29472545994000e-02
