 0.00000000000000e+00   0.00000000000000e+00   1.00000000000000e+00   3.44935743727690e-01
 8.98656303236000e-01   0.00000000000000e+00  -4.38653449382000e-01   3.51313730981570e-01
 3.46483589143000e-01  -8.82469656677000e-01   3.18113859331000e-01   3.53581513805068e-01
 3.78684556278000e-01   7.05009523660000e-02  -9.22836725836000e-01   3.64422305892497e-01
 5.79437037954000e-01   7.23864068410000e-02   8.11796111811000e-01   3.64373496176364e-01
-9.37073325486000e-01  -2.91275770925000e-01  -1.92488981331000e-01   3.39538547785376e-01
-2.39294347306000e-01  -8.44187768051000e-01   4.79672000039000e-01   3.53584171256784e-01
 6.03190903883000e-01   5.06781364863000e-01  -6.15900464117000e-01   3.35346465343412e-01
-5.32681303631000e-01   6.20436089234000e-01  -5.75595072893000e-01   3.47396070527495e-01
-5.44879133808000e-01  -6.28790339718000e-01  -5.54733664219000e-01   3.64371009178665e-01
-4.21215696598000e-01  -4.05105557549000e-01   8.11459687343000e-01   3.35345418464689e-01
-9.13644113083000e-01   2.41270991550000e-01   3.27173873139000e-01   3.51319343263978e-01
 2.13516248336000e-01  -5.25762249893000e-01   8.23398365485000e-01   3.47395909571881e-01
-8.43740220266000e-01  -3.30296969361000e-01   4.23091423615000e-01   3.64419556494941e-01
 6.30446096225000e-01   6.03407351450000e-01   4.88300407507000e-01   3.64370979440739e-01
 8.92041029072000e-01  -4.47433261474000e-01  -6.37673817840000e-02   3.64422080819269e-01
-6.46704988076000e-01  -7.61212738738000e-01   4.82475365320000e-02   3.40681216975712e-01
-1.88086026317000e-01   9.70960645185000e-01  -1.47848139004000e-01   3.53584010348589e-01
-5.52211707395000e-01   1.93542059290000e-01   8.10927679575000e-01   3.51319496469523e-01
-1.19710273311000e-01  -9.84851778068000e-01  -1.25444911018000e-01   3.47394369224446e-01
 4.98129838101000e-01  -8.33463443336000e-01  -2.39176405642000e-01   3.35346585536487e-01
 8.71252253696000e-01   4.86674018590000e-01  -6.37801698000000e-02   3.44942564408153e-01
-1.22314932623000e-01  -3.00484499745000e-01  -9.45911265749000e-01   3.39534628929017e-01
 7.22545801436000e-01  -4.60079939285000e-01   5.15998075862000e-01   3.40685290895224e-01
-6.80128256232000e-01   7.31793481201000e-01   4.36331977570000e-02   3.35345314318746e-01
-9.18392671989000e-01   2.72419907158000e-01  -2.86953470480000e-01   3.44935519220890e-01
-6.64982833053000e-01  -4.70125299210000e-02  -7.45377524330000e-01   3.64373367048859e-01
-1.80326355198000e-01   2.99242967223000e-01  -9.36982418292000e-01   3.40685223247292e-01
 4.71439271720000e-02  -7.59094377557000e-01  -6.49271265414000e-01   3.44942743227942e-01
 5.67197241990000e-01  -4.34810375547000e-01  -6.99447800765000e-01   3.51313611001690e-01
 8.08424594680000e-02   7.55713587833000e-01  -6.49893429658000e-01   3.53581658382028e-01
 1.07615903008000e-01   5.37314877815000e-01   8.36487620648000e-01   3.39538187354257e-01
 4.38872947989000e-01   8.90179425440000e-01  -1.22356552942000e-01   3.47394429303342e-01
-4.26968563936000e-01   7.07224966378000e-01   5.63498617870000e-01   3.64420036410125e-01
 9.51782391686000e-01   5.44414487390000e-02   3.01904633179000e-01   3.39534881091267e-01
 1.04515835944000e-01   9.22040898226000e-01   3.72715738917000e-01   3.40681138229730e-01
