 0.00000000000000e+00   0.00000000000000e+00   1.00000000000000e+00   2.56087686941841e-02
 9.38065697823000e-01   0.00000000000000e+00  -3.46457423888000e-01   3.44970302524615e-02
-9.15792381885000e-01  -3.99676972347000e-01  -3.97822957760000e-02  -7.01679241967497e-03
-3.68048456630000e-01   9.09738880164000e-01  -1.92134076862000e-01   3.91801696261729e-02
-6.91687312866000e-01   5.64523313550000e-02  -7.19987357878000e-01   3.20864919327317e-02
-1.62358423150000e-02   1.53834540120000e-01  -9.87963223855000e-01   1.32915997164531e-02
-9.10510166080000e-01   7.19110180940000e-02  -4.07185514159000e-01  -1.94862679996832e-02
 7.49157409911000e-01  -4.49451091197000e-01   4.86576707001000e-01   1.46059379003708e-02
 8.63749259379000e-01  -3.53791796201000e-01   3.58843394621000e-01   4.65957766219775e-02
-9.21908850494000e-01   2.40693682301000e-01  -3.03563210354000e-01   5.64417451194279e-02
 1.92295604699000e-01  -1.38617440740000e-02   9.81239141323000e-01   3.82805792416679e-02
 6.46577049901000e-01   6.98125073657000e-01   3.07505284626000e-01   4.00300292956317e-02
-1.94645142575000e-01   7.50015090040000e-01   6.32131816304000e-01   3.81374235335743e-02
 4.96238656130000e-01   7.73183292432000e-01  -3.94885796739000e-01   1.37827805911442e-02
 4.56512236148000e-01  -6.18260073880000e-02  -8.87566404872000e-01   5.29234265950115e-02
-6.46543091115000e-01  -7.20176530446000e-01  -2.51650146684000e-01   3.25923009027363e-02
 7.53894689963000e-01  -1.17410314809000e-01   6.46419070280000e-01   4.15433994269422e-02
 8.15344013738000e-01  -2.49960104078000e-01   5.22239490686000e-01   2.88745820943258e-02
-5.45282294007000e-01  -6.02715037223000e-01   5.82582014611000e-01   5.90059468664390e-02
-3.88587171354000e-01   3.44380842650000e-02   9.20768173110000e-01   1.24224454195714e-02
 6.70222643614000e-01   7.33412438575000e-01   1.13612512211000e-01   3.32915594672914e-02
 9.41692835938000e-01  -1.83172938662000e-01  -2.82245066007000e-01   4.99211996732440e-02
-1.71702322032000e-01   2.68163964084000e-01  -9.47948522324000e-01   4.13101920115274e-02
-9.46500926537000e-01  -2.51593982170000e-01  -2.02080340954000e-01   1.86518649408306e-02
-7.75929018998000e-01  -4.09363400762000e-01   4.79953918198000e-01   6.07232456606647e-02
-5.33879598742000e-01  -4.64863315464000e-01  -7.06310605883000e-01   7.92728951931314e-02
-3.57158586225000e-01   9.20664445530000e-01   1.57526896190000e-01   3.28701967084816e-02
-7.07696301166000e-01  -7.03485977705000e-01  -6.53714348000000e-02   4.86325598514242e-02
 9.90966216800000e-01   1.32369193762000e-01  -2.15488678220000e-02   3.61192489367012e-02
-7.14333098043000e-01   6.77536796289000e-01   1.75134561737000e-01   1.45545705631126e-02
 1.76764147740000e-01  -4.95790863326000e-01  -8.50262227737000e-01  -9.23302075297779e-03
-2.64516499297000e-01  -9.64270193024000e-01   1.46293009420000e-02   5.34681209207848e-02
 4.06992981083000e-01   7.21002782711000e-01   5.60813427686000e-01   3.57103678694012e-02
 3.46445336486000e-01   2.84482128320000e-01  -8.93893476592000e-01   7.19198127000322e-02
-1.60964419992000e-01   5.03592433985000e-01   8.48813946592000e-01   4.70684128023579e-02
-6.18862142368000e-01   2.33026585636000e-01   7.50138826572000e-01   2.48669652102727e-02
 2.16569744073000e-01   5.75491222147000e-01  -7.88611056976000e-01   6.73504217083952e-02
-7.44604745608000e-01   2.81038503470000e-01   6.05459439091000e-01   3.45206260454914e-02
-6.16818530810000e-02   1.77348948644000e-01   9.82213163939000e-01   4.29176922907978e-02
 1.47948191668000e-01  -6.54678265960000e-01  -7.41287866258000e-01   6.55695715806036e-02
 7.26804824900000e-02  -1.79345454186000e-01  -9.81097729856000e-01  -2.00758154334124e-02
-4.95251354885000e-01  -8.31551721803000e-01  -2.51491211480000e-01   4.49026864452090e-02
 1.61241773281000e-01  -8.05844887397000e-01   5.69750039934000e-01   2.55932610253407e-02
 4.97982203570000e-02  -9.94744585547000e-01   8.94614261760000e-02   5.36317052715730e-02
-6.51242405831000e-01  -4.38386960288000e-01   6.19435389606000e-01   1.02887139477039e-02
-2.91603490210000e-02  -7.83966100591000e-01   6.20118397702000e-01   4.23920430586670e-02
-1.13698814075000e-01   8.63488890891000e-01   4.91385301964000e-01   3.00764778439953e-02
 7.93542869127000e-01   4.98492980788000e-01  -3.48990634491000e-01   3.20409501692797e-02
-9.31925257192000e-01   3.57492226569000e-01   6.09477066880000e-02   9.28919943533172e-02
 3.90674607363000e-01   6.12252542661000e-01  -6.87401029361000e-01   5.53556996834743e-03
 9.44874757352000e-01  -2.49028427519000e-01   2.12594767589000e-01   3.13507104336053e-02
-4.48604606678000e-01  -8.90827745652000e-01   7.19710667080000e-02   4.59019148360248e-02
-1.12365459904000e-01  -2.44959076509000e-01  -9.63000028170000e-01   5.54543647806149e-02
-4.97355728135000e-01   7.33823289836000e-01   4.62753345732000e-01   3.63748485436697e-02
-3.32759807706000e-01  -4.45762745638000e-01   8.31003300221000e-01   5.06065603723340e-02
-4.44927497742000e-01  -1.40572556606000e-01  -8.84465306319000e-01   1.83329009653527e-02
-8.53563433031000e-01  -2.22409388405000e-01   4.71130056079000e-01   1.15764410650146e-02
-9.66919499431000e-01   2.98558050190000e-02   2.53328467658000e-01   3.00145986003676e-02
 1.24197042740000e-01   2.36849761970000e-02  -9.91974856777000e-01   2.95156017606386e-02
-6.18616035613000e-01   5.71640892114000e-01  -5.39018451395000e-01  -7.45265557822211e-03
-9.12674832924000e-01   3.72920173043000e-01  -1.67198067827000e-01   6.82171328465678e-02
-4.43024761239000e-01   5.29848284872000e-01   7.23180375804000e-01   4.55800437676137e-02
 4.38164666974000e-01   8.76373914187000e-01  -1.99951211921000e-01   3.16985101078045e-02
 8.92248796338000e-01   1.79563000520000e-01  -4.14305701480000e-01   2.52264682946730e-02
-4.78177630457000e-01   3.89036167835000e-01  -7.87398891190000e-01  -1.24812403449292e-02
 6.37676263945000e-01  -7.59376536249000e-01  -1.29291370924000e-01   1.68924528487189e-02
-3.86733217716000e-01  -5.99753587057000e-01  -7.00523413689000e-01   1.95474082768205e-03
 8.07381955258000e-01   3.48873985238000e-01  -4.75837494053000e-01   5.03067399699097e-02
-9.37082314211000e-01  -1.70452220552000e-01   3.04668306361000e-01   6.80807218357535e-02
 1.11410671288000e-01  -9.87600038692000e-01  -1.10606626831000e-01   2.25003826848835e-02
-5.66422924261000e-01   5.89431598029000e-01   5.75964809790000e-01   2.04914270985937e-02
-8.64364901603000e-01   5.01551771184000e-01  -3.63199352820000e-02  -4.02766821939329e-02
-5.00072069505000e-01  -8.27188591945000e-01   2.56294671534000e-01   3.40167185648318e-02
-8.81381159805000e-01  -2.78669673761000e-01  -3.81458338574000e-01   7.20860962325720e-03
 5.79038055587000e-01   4.00766704758000e-01   7.10000689112000e-01   2.72965468685012e-02
-9.72639589774000e-01   2.21285914737000e-01  -7.07444156370000e-02  -2.38498114912331e-02
 1.70962393553000e-01  -3.72622864371000e-01   9.12098712278000e-01   2.38966697799432e-02
 2.29418625412000e-01   9.63814702406000e-01   1.35750925373000e-01   2.84987012836920e-02
-8.74443124422000e-01  -4.26927470797000e-01  -2.30395652802000e-01   7.54190663025355e-02
-5.03062658277000e-01  -4.50413116881000e-01   7.37601508939000e-01   4.16275205363747e-02
-9.91575258446000e-01  -6.58225134420000e-02  -1.11561209936000e-01  -1.60089915354878e-02
 8.14199826352000e-01   3.80804058839000e-01   4.38254391353000e-01   3.59314964035334e-02
 5.24453714918000e-01   3.29989988515000e-01  -7.84891653917000e-01   1.41846299675480e-02
 2.88356575312000e-01   8.42780343311000e-01   4.54501681409000e-01   3.33341105926500e-02
-9.97541633429000e-01   6.39039061270000e-02   2.87572661770000e-02   9.56557402760556e-02
-8.36292896150000e-02  -9.94880509877000e-01  -5.67354649720000e-02   2.56104772515882e-02
 9.52575171982000e-01  -3.01639993277000e-01   4.01728288590000e-02   4.29448054991679e-02
 9.87499149538000e-01  -4.83913401100000e-03  -1.57550031559000e-01   2.45927872189010e-02
 9.71318897999000e-01  -6.86621401130000e-02   2.27651287948000e-01   2.98562352136966e-02
 3.83834847729000e-01  -9.15710077676000e-01   1.18936383467000e-01   4.45146414102025e-02
-3.84425420649000e-01  -7.43179682487000e-01   5.47632226497000e-01   3.97985291016606e-02
-6.71758242184000e-01  -6.11088131974000e-01  -4.18702948423000e-01   7.22418586454962e-02
 8.87738025942000e-01   4.57170380655000e-01   5.40040771440000e-02   2.88314239957435e-02
 5.87120039609000e-01   6.46894158242000e-01   4.86639504275000e-01   2.87982571342976e-02
-6.27148279803000e-01   7.78750258885000e-01  -1.52666114950000e-02   2.58579137451991e-02
-2.62217953740000e-01   8.97874663598000e-01  -3.53642239000000e-01   5.06525013744489e-02
-8.35126104447000e-01   5.29469705570000e-01   1.49084608713000e-01   5.01629415063366e-02
 8.08961847350000e-02   3.46135026154000e-01   9.34690510792000e-01   4.67438136831967e-02
-3.19767431272000e-01  -9.24021357497000e-01   2.09602769036000e-01   1.63880242872846e-02
-5.96487974751000e-01   7.10084802127000e-01  -3.74141243071000e-01   7.10216103156663e-02
 7.88346150642000e-01  -6.02916678051000e-01   1.22481941915000e-01   2.91703997998577e-02
-4.96720068684000e-01  -3.07637871494000e-01  -8.11559063402000e-01   1.75846565252403e-04
-5.00022865570000e-02  -6.46992094084000e-01   7.60855440627000e-01   2.47542229723314e-02
-5.44253953559000e-01   4.62254461930000e-02  -8.37646012442000e-01  -2.56405897650954e-02
 7.70533024958000e-01  -6.32977535378000e-01  -7.49553010480000e-02   2.12270554690394e-02
-6.89750606487000e-01   6.96037603269000e-01  -1.99438601294000e-01  -1.93466287428284e-02
-1.67594948561000e-01  -9.27049531626000e-01   3.35396927726000e-01   5.26485980987338e-02
-7.73848234841000e-01  -5.84128064051000e-01  -2.44853658786000e-01   5.80289514112319e-03
-2.12133919740000e-01   9.44095075800000e-02  -9.72669545619000e-01   1.30679533047021e-02
 6.87770676449000e-01   5.06826735480000e-01  -5.19709685132000e-01   2.34440995047673e-02
 7.67327764008000e-01   1.12957460835000e-01   6.31227941892000e-01   3.54652004562280e-02
-8.26286456995000e-01  -5.60471840643000e-01  -5.58749213230000e-02   4.52105821337892e-02
-2.71856272755000e-01   9.62300406740000e-01  -8.49082747700000e-03   5.00722268087168e-02
-7.25642352026000e-01   8.49753171560000e-02   6.82804783537000e-01   5.16689671445482e-02
-1.15686216750000e-02  -5.51208396925000e-01  -8.34287402609000e-01   4.95720482500037e-02
 7.39970441884000e-01   1.37066768150000e-02  -6.72499719070000e-01   1.21723778345873e-02
 2.95780039675000e-01  -7.28197908266000e-01  -6.18257207420000e-01   2.79551922502672e-03
 6.24654295281000e-01  -2.09434773484000e-01   7.52292554159000e-01   2.10632185745199e-02
-7.38198580502000e-01  -2.59013386813000e-01   6.22876328975000e-01   4.01157668145926e-02
 3.24461992549000e-01   1.50200120221000e-01   9.33897392264000e-01   4.83765878402141e-02
-7.79830159410000e-02  -8.26167938324000e-01  -5.58001063539000e-01   7.15872604483555e-02
-4.57005027728000e-01   8.89137521355000e-01  -2.41013018220000e-02   1.34600105398065e-02
 1.82688140660000e-02   3.44248014559000e-01  -9.38700993344000e-01   6.79519948418380e-02
 7.78859435574000e-01  -3.48511389972000e-01  -5.21457371869000e-01   3.06162659748946e-02
 1.96677123499000e-01   4.08837327318000e-01  -8.91162246106000e-01  -1.43624005950392e-02
-4.42164043796000e-01   2.05510085618000e-01   8.73073057128000e-01   5.48776674113416e-02
 3.18710841218000e-01   6.28009615814000e-01   7.09948816560000e-01   3.07508319537751e-02
 4.79417205406000e-01   1.54239640131000e-01  -8.63926661571000e-01   1.85793651810032e-02
-3.19743117926000e-01   6.75363674464000e-01  -6.64566208705000e-01  -1.13069837161541e-02
-5.61403408037000e-01  -8.24413740735000e-01  -7.18901768760000e-02   2.99455848360464e-02
-6.55624866476000e-01  -3.01495553761000e-01  -6.92283515275000e-01   1.66361524413954e-02
-3.09759659429000e-01   8.18378530211000e-01   4.84051169485000e-01   3.26939429051086e-02
-5.42426213884000e-01   8.16755512218000e-01  -1.96683084560000e-01   7.07136989180800e-02
 6.56953177781000e-01   6.48895513114000e-01  -3.83858222868000e-01   5.14913829310798e-02
 1.88863437339000e-01  -8.95069422501000e-01   4.03957090468000e-01   4.53171126251755e-02
-2.75263094221000e-01   6.02914720992000e-01   7.48815109470000e-01   2.09096997212806e-02
 9.20898875805000e-01  -3.55053352115000e-01  -1.60880010233000e-01   1.30883965711495e-02
-2.12068307379000e-01  -9.56748189589000e-01  -1.99148022143000e-01   3.08126833188009e-02
-6.82093806261000e-01  -4.59933001901000e-01  -5.68515323649000e-01   1.33029958819641e-02
-3.13315437442000e-01   3.60043366549000e-01  -8.78750368913000e-01   8.47786959796925e-02
 8.53916541718000e-01  -2.05370128890000e-02   5.20004587367000e-01   3.11049521047439e-02
 7.50206273311000e-01   6.26417958067000e-01  -2.11639054279000e-01   2.20807124459292e-02
 6.00632247087000e-01  -5.15777440167000e-01   6.10912871017000e-01   4.12926831782991e-02
-9.73854598723000e-01   8.85786098270000e-02  -2.09191420537000e-01   5.88760959189977e-02
-7.27461646093000e-01   2.40022605131000e-01  -6.42797559493000e-01  -3.01096786812391e-02
 6.26669971420000e-01  -1.51075184484000e-01  -7.64500513769000e-01   1.79062895526263e-02
 6.64801420076000e-01  -7.44005197401000e-01   6.70472826040000e-02   6.17169259163507e-02
-5.17790995553000e-01  -7.47570716635000e-01  -4.15969360113000e-01   7.57728043924405e-03
 7.54216900045000e-01  -5.12866579563000e-01  -4.10030168713000e-01   1.80416120681980e-02
 6.61642584311000e-01   1.85166118220000e-02   7.49590705461000e-01   2.98248419913974e-02
 3.78491879064000e-01   4.57680132951000e-01  -8.04532655263000e-01   3.59417728917662e-02
-9.16159836140000e-01   1.82333076822000e-01   3.56939495911000e-01   6.20957461156023e-02
-3.40811917538000e-01  -8.77941397455000e-01  -3.36253088459000e-01   5.29429078912051e-02
 9.45384913680000e-01   3.13965714875000e-01  -8.75950618980000e-02   2.83581213432786e-02
-8.03579366130000e-01  -6.96862725410000e-02   5.91104073534000e-01   5.63711415784827e-02
 2.20879552939000e-01   8.35371723536000e-01  -5.03355050247000e-01  -6.23342626886523e-03
 8.53248818758000e-01   1.95299876174000e-01   4.83553938723000e-01   3.54216263565326e-02
-3.14933412794000e-01  -1.39318373979000e-01   9.38832965004000e-01   4.44780059849644e-02
-1.38976844122000e-01  -9.14171540333000e-01  -3.80756919364000e-01   3.54818190962869e-02
-3.77205052317000e-01   3.24979831230000e-02  -9.25559414408000e-01   1.07807246855470e-01
-1.96162489371000e-01  -8.42755739598000e-01   5.01281399155000e-01   1.12712407361788e-02
 7.82589814927000e-01  -5.37387690705000e-01   3.14273211475000e-01   5.19646848413236e-02
-4.26496667169000e-01  -2.86214617155000e-01   8.58010364635000e-01   5.33190945048871e-03
-1.09568002454000e-01   8.63070278976000e-01  -4.93056331859000e-01  -1.59253738031530e-02
 1.73978107491000e-01   2.16614735491000e-01  -9.60629832184000e-01   4.14915811394581e-02
-7.26607167500000e-02   9.40621087596000e-01  -3.31590696208000e-01   5.23540924135498e-02
-6.65907599780000e-02  -4.27732970600000e-02  -9.96863137920000e-01   8.61234474561191e-02
-6.67647886912000e-01   6.25629450643000e-01   4.03527061781000e-01   5.11865419781300e-02
 4.56902658652000e-01   2.95915423020000e-01   8.38852801710000e-01   4.33933064042765e-02
 2.17086032372000e-01   7.17950225278000e-01  -6.61378203884000e-01   3.95119288678876e-02
 2.08516282722000e-01  -9.52063497954000e-01   2.23821481776000e-01   2.81795943258114e-02
 5.93147595216000e-01   7.70000774866000e-01  -2.35105799581000e-01   4.05393287946922e-02
 4.30498389455000e-01  -5.49136954924000e-01   7.16323768567000e-01   3.35092688951173e-02
-1.21046671425000e-01  -4.71530906338000e-01   8.73502322667000e-01   2.26664512001463e-02
-3.58496055601000e-01  -8.49331581295000e-01   3.87448632897000e-01   4.94174386746038e-02
 8.85146109970000e-02   8.72080266323000e-01   4.81291151727000e-01   3.12312737462003e-02
 4.77965128811000e-01  -8.60939391649000e-01  -1.74162853527000e-01   5.21962328954454e-02
 6.72493879402000e-01   7.36619348847000e-01  -7.17211061790000e-02   3.51646789146505e-02
-4.39662474985000e-01   8.19391252063000e-01  -3.67824528998000e-01  -1.27137055963161e-02
-3.56627813611000e-01  -4.51540259563000e-01  -8.17880184717000e-01   3.19883972167839e-02
 8.81969286322000e-01  -4.37127437542000e-01   1.76209481395000e-01   1.72677211799605e-02
 6.60335991450000e-02  -5.18688177601000e-01   8.52409607056000e-01   5.56622372219733e-02
 1.01155967630000e-01   9.15418703789000e-01  -3.89584479883000e-01   4.16613357628522e-02
-9.39620698628000e-01  -3.04307691709000e-01   1.56555969150000e-01   2.18708718443545e-02
-1.17395802609000e-01  -1.55219649149000e-01   9.80879751064000e-01   2.69950752035747e-02
-7.52104253153000e-01  -1.21206088628000e-01  -6.47802652410000e-01  -6.73624106333552e-03
 6.73884568327000e-01   4.87057131290000e-01   5.55567223143000e-01   4.12803624811021e-02
 3.45338112990000e-02   9.82141305322000e-01  -1.84948296175000e-01   2.72154312688087e-02
 8.66266652845000e-01   4.31628725126000e-01   2.51552638257000e-01   3.85893822899679e-02
 2.93198006450000e-02   5.11218885928000e-01   8.58950289575000e-01   2.52614912921236e-02
-7.45249927303000e-01   4.15229652366000e-01  -5.21715326256000e-01   8.93926519761457e-02
 7.32707511609000e-01   3.09255185588000e-01   6.06218551860000e-01   3.13288992404137e-02
 5.97828500336000e-01   2.53382067320000e-02  -8.01223476607000e-01   4.26505275891042e-02
 2.57636156295000e-01  -1.05415918209000e-01  -9.60474411506000e-01   7.37702699807234e-02
 9.59002735639000e-01   1.71683326507000e-01  -2.25474141392000e-01   4.64957717519150e-02
-9.02192331431000e-01  -2.20614117820000e-02   4.30769417690000e-01   2.58114130031328e-02
 3.48089952678000e-01  -7.98766441847000e-01   4.90719427192000e-01   2.75525276955696e-02
 4.80678731952000e-01   7.84689628824000e-01   3.91420672761000e-01   3.73766721685067e-02
 2.17978239826000e-01   9.47911853601000e-01  -2.32268389507000e-01   3.06025002114602e-02
 3.80540570013000e-01  -2.30122347829000e-01  -8.95674371412000e-01  -2.11663713486244e-02
-5.33023586257000e-01  -7.30507988017000e-01   4.26900381749000e-01   1.53678366765379e-02
-3.19847942964000e-01   5.27752009482000e-01  -7.86876807302000e-01   3.23772568072361e-02
-5.07379186273000e-01  -1.16279608206000e-01   8.53841562617000e-01   5.69346158696605e-02
-2.65383513644000e-01  -8.27474576876000e-01  -4.94830693581000e-01   7.83691553323308e-04
 4.02616802093000e-01   4.68221035201000e-01   7.86555003078000e-01   3.31294045470153e-02
 8.54516452177000e-01   5.60748998500000e-03  -5.19394059472000e-01   5.07114962409355e-02
-2.49542941522000e-01  -1.10123882921000e-01  -9.62081623744000e-01  -2.42505263427625e-02
-7.31401282380000e-02   6.53679631039000e-01   7.53228691439000e-01   3.54734401715420e-02
-8.15042775585000e-01   6.48871270160000e-02  -5.75755968023000e-01   8.50488445403551e-02
 5.58838430780000e-02  -9.00995686111000e-01  -4.30213632620000e-01   4.47215614659306e-03
 3.64627126990000e-02   9.87091561593000e-01   1.55951016718000e-01   3.23489613199665e-02
 8.64912670127000e-01   4.78743585131000e-01  -1.50766882141000e-01   4.72214186653519e-02
-1.65540011366000e-01  -4.23081596673000e-01  -8.90841437739000e-01  -1.43702740457459e-02
 5.09825473034000e-01  -4.73762907935000e-01  -7.18071510444000e-01   1.98372481421689e-03
-4.82764900232000e-01   5.56948059589000e-01  -6.75830533509000e-01   8.23408628274454e-02
 7.66149427961000e-01  -1.69168641662000e-01  -6.19997600571000e-01   6.47372654478137e-02
 9.50153439441000e-01   2.91199410248000e-01   1.11406216115000e-01   4.02977748588850e-02
-6.59732669083000e-01  -6.94829187469000e-01   2.86295661137000e-01   5.81311986516912e-02
 5.01420697460000e-01   1.14003707733000e-01   8.57659861939000e-01   2.02518921761797e-02
-8.66224950290000e-01  -4.80847254604000e-01   1.35794893997000e-01   6.28277191487059e-02
-4.06915660780000e-02  -7.00523398482000e-01  -7.12468360441000e-01  -2.42946522712090e-03
-7.57691055132000e-01   6.52473310965000e-01  -1.35219618170000e-02   7.77043985426287e-02
 5.20938728674000e-01  -7.59509824298000e-01   3.89573700039000e-01   4.77854874478451e-02
-8.34262771958000e-01   3.34064888365000e-01   4.38641399878000e-01   4.69072831854327e-02
-1.15806204656000e-01   3.46029954740000e-01   9.31048974751000e-01   2.17072098328692e-02
 1.28627063683000e-01  -6.83303343541000e-01   7.18715255991000e-01   3.26158629746578e-02
 3.80654921930000e-02   6.82740528930000e-01  -7.29668684034000e-01  -1.83784125179696e-02
-4.84048807977000e-01   3.66018787551000e-01   7.94812555673000e-01   1.52460501049838e-02
 5.43420226478000e-01   6.36935182554000e-01  -5.46816267752000e-01   2.80791732277662e-02
-1.38486175460000e-02  -9.68180468958000e-01  -2.49869556609000e-01   4.90911855779552e-02
 4.87475302352000e-01  -6.68997919805000e-01   5.61078972065000e-01   2.34144040000424e-02
 8.94095831045000e-01   3.41188510262000e-01  -2.90143146348000e-01   2.75628497999992e-02
 6.07909946666000e-01  -6.47377402771000e-01  -4.59726000054000e-01   1.08831474404393e-02
-5.93793396179000e-01   7.49707850217000e-01   2.92143016307000e-01   2.85152162487410e-02
 2.39678743263000e-01  -8.49564234408000e-01  -4.69887977760000e-01   5.83820832591969e-02
-5.39037551652000e-01   8.30538607117000e-01   1.40157554191000e-01   5.36424762032038e-02
-8.96356389034000e-01   3.62449714966000e-01   2.55294786391000e-01   7.26727369361964e-03
 3.20275418059000e-01  -9.39046532763000e-01  -1.24961057501000e-01   3.95719965700031e-02
 5.32346564589000e-01  -3.88301310095000e-01   7.52216210772000e-01   2.73746091863213e-02
 8.66431968347000e-01  -3.56761287884000e-01  -3.49309358155000e-01   5.49346486428067e-02
 2.33971765058000e-01  -9.71700492378000e-01   3.24864012900000e-02   2.81063185506588e-02
 3.33789469019000e-01   8.71571833102000e-01  -3.59092091412000e-01   5.44569068020582e-02
 1.34934442270000e-01   1.70763815269000e-01   9.76028901050000e-01   2.77555990995108e-02
-4.72447480086000e-01   7.02700979728000e-01  -5.31981871542000e-01   3.94523145567678e-02
 2.06337789181000e-01  -3.11336330702000e-01  -9.27628377067000e-01   6.44589180143575e-02
 3.63692901598000e-01  -8.72725037810000e-01  -3.25696916944000e-01   6.54397223584742e-03
 1.24322058557000e-01   6.52745956789000e-01   7.47306323840000e-01   3.26171744936894e-02
-9.74287339717000e-01  -2.24804314194000e-01  -1.50731544990000e-02   8.82208987730802e-02
 4.46783301095000e-01  -2.42821197974000e-01   8.61058968757000e-01   3.38706342845922e-02
 2.18396923628000e-01   5.00217545555000e-01   8.37905239791000e-01   4.44139913798093e-02
-8.38596302886000e-01   1.32242067091000e-01   5.28458396166000e-01   1.12936274021683e-02
 5.19900592973000e-01  -2.95898224539000e-01  -8.01341134687000e-01   7.56904469501443e-02
-3.87342538027000e-01   6.88376223530000e-01   6.13273130924000e-01   4.02614840015821e-02
 4.30309364453000e-01  -7.65326343189000e-01  -4.78653778095000e-01   5.15834526855063e-02
-3.82914453157000e-01  -9.15655032084000e-01  -1.22279940228000e-01   1.68574812088671e-02
-3.94773106337000e-01  -6.06741764015000e-01   6.89941031040000e-01   1.30020756923482e-02
-8.64766207900000e-01  -1.10826649264000e-01  -4.89792669899000e-01   3.11487781211833e-02
 2.29553993760000e-02  -9.58498728325000e-01   2.84171141110000e-01   2.32558797715495e-02
 7.89182050928000e-01   1.86607690479000e-01  -5.85123286451000e-01   3.10806908939455e-02
 2.56765378060000e-02  -3.78938855756000e-01  -9.25065434986000e-01   5.83927760249636e-02
 5.31374307127000e-01  -7.41802917280000e-02   8.43883066571000e-01   5.10954774372445e-02
-4.21795336822000e-01   8.48379675013000e-01   3.19907206639000e-01   2.88102932367940e-02
 7.83414797792000e-01   5.92019993494000e-01   1.89139054411000e-01   3.48777994433657e-02
 4.86187979490000e-02   8.13663996272000e-01  -5.79298812062000e-01   8.46199409415081e-02
 4.05313686672000e-01   9.09598394452000e-01   9.13869586280000e-02   3.96042991221960e-02
-3.09965808152000e-01  -2.86817378695000e-01  -9.06452971232000e-01   8.28263083121766e-02
 2.72926513829000e-01   3.30594643434000e-01   9.03448006131000e-01   2.11163754701177e-02
-7.92116111654000e-01   5.15481935893000e-01   3.26849261015000e-01   3.72306158338682e-02
-7.84892248452000e-01  -2.92026719628000e-01  -5.46502107355000e-01   7.78962664747060e-02
-1.61602864028000e-01   9.73430177642000e-01   1.62228861780000e-01   2.50278394650526e-02
-2.25620754324000e-01  -7.19820645738000e-01  -6.56470496814000e-01   2.99080732714909e-02
 5.31688594437000e-01   8.22844847890000e-01   2.00583136995000e-01   3.06328940667302e-02
-5.95124358951000e-01  -2.79730037010000e-01   7.53377796180000e-01   5.25083366935233e-02
-6.77579186978000e-01  -5.78936190016000e-01   4.53562931977000e-01   2.54623931700427e-02
 2.09691419802000e-01   7.63962405216000e-01   6.10238438546000e-01   3.75665656087209e-02
 1.87689057682000e-01  -9.39940325321000e-01  -2.85105248043000e-01   4.87045301955180e-02
-8.72811451154000e-01  -3.65502488501000e-01   3.23431757306000e-01   2.30721275946239e-02
-1.31872031207000e-01  -9.79789175049000e-01   1.50409241215000e-01   2.55235999347930e-02
 3.11764525063000e-01  -6.91328642852000e-01   6.51818677613000e-01   5.16375088351956e-02
 7.44250117074000e-01   5.49010916209000e-01   3.80366635127000e-01   3.08774399575046e-02
 9.19717470400000e-03   7.77594413237000e-01   6.28698926737000e-01   3.78570278338516e-02
 9.79044233561000e-01   1.12638473147000e-01   1.69661318805000e-01   3.16376735822677e-02
-7.20826372773000e-01   4.68762847544000e-01   5.10559235620000e-01   2.11225380879709e-02
 7.95468623655000e-01   6.05937713406000e-01  -8.31602384200000e-03   3.66622515630348e-02
-1.39608804250000e-01   4.54316813073000e-01  -8.79832719973000e-01  -2.13586736933284e-02
-2.28462902991000e-01  -5.90480183931000e-01   7.74039956553000e-01   3.50675630057454e-02
 3.50434602181000e-01  -4.03473073092000e-01   8.45224862911000e-01   4.95589794430396e-02
 1.61382335903000e-01   9.34865451032000e-01   3.16199826257000e-01   3.94451155084456e-02
 9.78690261889000e-01  -1.81775790223000e-01  -9.55140480370000e-02   3.16882617874178e-02
 5.05264934518000e-01   5.70742747065000e-01   6.47271243467000e-01   3.96858813303174e-02
-4.03351449968000e-01  -7.27252118014000e-01  -5.55348507384000e-01   7.68825552469268e-02
 3.19389765044000e-01   9.44953075419000e-01  -7.10905285000000e-02   3.28402975705080e-02
 3.19069413216000e-01   8.01959339790000e-02  -9.44332209407000e-01   1.26306785198862e-02
-2.24683863604000e-01  -3.10004433590000e-01   9.23804315096000e-01   4.15879945995196e-02
 2.73182480573000e-01  -2.12832758005000e-01   9.38122353123000e-01   3.17702995711732e-02
 3.34336241869000e-01  -5.83195820946000e-01  -7.40339051924000e-01   4.98461016598456e-02
-7.91772692664000e-01  -4.53922007427000e-01  -4.08718502549000e-01   2.17543587893797e-02
 9.29624202401000e-01   6.30370864030000e-02   3.63077358215000e-01   3.97363751135498e-02
 5.46472244040000e-01   4.91109564586000e-01  -6.78365301343000e-01   6.26204425610020e-02
 6.48050031208000e-01  -6.17358971739000e-01   4.45981005274000e-01   4.03510502879776e-02
-2.99847822594000e-01   8.00539109436000e-01  -5.18872255521000e-01   7.48020942623807e-02
 9.17541437290000e-01   2.54591652429000e-01   3.05451798765000e-01   3.04429610098656e-02
-6.16785592167000e-01   4.21370246528000e-01   6.64847838708000e-01   5.23325219326731e-02
 9.96727625090000e-01  -6.56290275290000e-02   4.71897460040000e-02   4.20328010186826e-02
 7.05370386444000e-01  -6.52021321158000e-01  -2.78066205575000e-01   6.01014431957101e-02
 8.76685985747000e-01  -4.80755992624000e-01  -1.71859812340000e-02   5.54930658545970e-02
 5.51233224579000e-01  -7.68861226403000e-01  -3.24028311500000e-01   3.56873779796548e-02
-8.40416621655000e-01   4.10564496006000e-01  -3.53746656047000e-01  -2.66970672098776e-02
-9.66820827621000e-01   1.99780495556000e-01   1.59201887154000e-01   5.67817865555914e-03
-2.01820654909000e-01  -5.82056944479000e-01  -7.87704345955000e-01   7.21436649060236e-02
 8.74420408080000e-02  -1.80648706236000e-01   9.79652966328000e-01   4.61704979697886e-02
-2.17370618203000e-01  -7.29776896456000e-01   6.48209607875000e-01   4.83696082937706e-02
 4.79968413449000e-01  -6.30759636756000e-01  -6.09731582527000e-01   4.49694003984311e-02
-6.70137726349000e-01  -9.95212224980000e-02   7.35534468259000e-01   5.40660665389401e-03
 6.60785359160000e-01  -3.31748741249000e-01  -6.73279646061000e-01   1.35418585509547e-02
 1.35354280164000e-01   9.90413005626000e-01  -2.75916133840000e-02   4.17312029384420e-02
 5.11943532931000e-01  -8.59004222529000e-01   5.05616127100000e-03   2.15048815246040e-02
 6.28423824709000e-01   2.16823043746000e-01   7.47041675034000e-01   4.25488012031850e-02
-3.14335351261000e-01   3.95373129422000e-01   8.63060470349000e-01   3.97191662995021e-02
 9.07880562961000e-01  -1.52604774980000e-01   3.90467240688000e-01   3.63250056958986e-02
-7.86007782866000e-01  -5.39174580079000e-01   3.02460803196000e-01   2.44501623466552e-02
-6.23746875755000e-01   4.07308444647000e-01  -6.67112933397000e-01   2.62968336436402e-02
-9.46307174773000e-01  -9.10983920560000e-02  -3.10167396639000e-01   7.75424075203260e-02
-2.62965289048000e-01   2.13347197535000e-01   9.40920947827000e-01   3.20029796084787e-02
 8.70803055172000e-01  -1.78654193128000e-01  -4.58022617760000e-01   6.75555611752201e-03
 8.29043772563000e-01  -5.13503044162000e-01  -2.21361800705000e-01   3.22560690889410e-02
-7.58363209514000e-01  -6.40386058532000e-01   1.21618002343000e-01   1.51402457620554e-02
-2.00618765252000e-01   2.88055097150000e-02   9.79245808589000e-01   4.44022295803957e-02
-6.11295150688000e-01  -1.31105570133000e-01  -7.80467531820000e-01   9.31065169098695e-02
-5.53154937264000e-01  -6.06547347047000e-01  -5.71069112429000e-01   1.48291318574563e-02
 6.52733634653000e-01   1.94242851511000e-01  -7.32262601005000e-01   5.62845766515978e-02
-2.33787192116000e-01   9.14412864784000e-01   3.30443129026000e-01   4.28004188122926e-02
-6.83549487820000e-02   9.97594269236000e-01  -1.15444776800000e-02   4.12342886344308e-02
-1.37475776181000e-01   7.51573594195000e-01  -6.45164741343000e-01   4.34614462168130e-02
-4.11996810285000e-01   2.08019692903000e-01  -8.87122559560000e-01  -1.07293115414073e-02
-2.79902312400000e-03  -8.87414566554000e-01   4.60963721498000e-01   3.89716498258454e-02
-5.71710679421000e-01   5.91696056080000e-02   8.18318921209000e-01   3.43781553600542e-02
 3.56285257561000e-01  -4.17980363960000e-01  -8.35675314096000e-01   5.16429879374855e-02
 3.72698755675000e-01  -8.73618905422000e-01   3.12866817684000e-01   3.32995468008968e-02
-7.26613236670000e-01   5.71466893656000e-01  -3.81390605221000e-01   3.48429305023210e-02
 5.36559812996000e-01  -8.18982756200000e-01   2.03398161555000e-01   2.82249890513895e-02
-1.78223868986000e-01   9.68553657755000e-01  -1.73608941512000e-01   1.64204194285677e-02
-6.18798169635000e-01  -7.77861853433000e-01   1.09634676223000e-01   2.81665989725693e-02
 6.83098484677000e-01   3.55633138553000e-01  -6.37888337403000e-01   2.30241199349103e-02
-1.87107722920000e-02  -3.31376647400000e-01   9.43313004553000e-01   3.34294160813233e-02
 3.55085859911000e-01   8.91198442759000e-01   2.82275340255000e-01   3.36756851341341e-02
-8.08615158866000e-01   5.49520588797000e-01  -2.10163382492000e-01   8.46886629690489e-02
 6.72101325070000e-01  -6.92005347182000e-01   2.63454755719000e-01   1.74795380366928e-02
 6.45562696185000e-01  -5.00228903206000e-01  -5.77078720532000e-01   6.76262538254212e-02
 1.06572591640000e-01  -7.91050479495000e-01  -6.02396399061000e-01   3.42118775684519e-02
-8.39649020478000e-01   2.45563372170000e-01  -4.84446232991000e-01   5.36246059487225e-02
-5.85597201735000e-01   2.28127105564000e-01  -7.77839277118000e-01   1.17467554696972e-01
 5.30558287389000e-01   8.47221280114000e-01  -2.69073634010000e-02   3.54368628101969e-02
 3.82550121172000e-01   7.46188354748000e-01  -5.44847083161000e-01   6.34438478749353e-02
 3.69164330940000e-02   5.27614750001000e-01  -8.48681243194000e-01   5.79198461689133e-02
-9.87123865676000e-01  -1.01708095736000e-01   1.23458240205000e-01  -5.05240182082868e-03
 6.92363071705000e-01  -3.40452878103000e-01   6.36180174739000e-01   5.03491546465327e-02
 2.47357907767000e-01  -5.52544238158000e-01   7.95932742349000e-01   1.94319433641083e-02
 3.68700414608000e-01  -4.22683012270000e-02   9.28586772994000e-01   2.53077121198360e-02
-1.43375877872000e-01   6.14694537768000e-01  -7.75624898313000e-01   7.73811765175502e-02
-3.75490573520000e-02   9.43015475011000e-01   3.30623474941000e-01   3.86182363372189e-02
