 0.00000000000000e+00   0.00000000000000e+00   1.00000000000000e+00   2.23979021330154e-02
 9.67072165324000e-01   0.00000000000000e+00  -2.54502312474000e-01   2.95515597543004e-02
-3.25877858598000e-01   9.39010026230000e-01  -1.09835294486000e-01   3.11536851790143e-02
-4.65895885493000e-01   1.54249023925000e-01   8.71291146804000e-01   3.08883279591843e-02
-8.51983506490000e-01  -2.88269348664000e-01   4.37063939590000e-01   3.36628680339057e-02
 2.75670752317000e-01  -4.33619357311000e-01   8.57892702663000e-01   3.52783705446779e-02
 8.98715311595000e-01   4.77118936680000e-02   4.35929310677000e-01   2.87400094076829e-02
 1.92728626005000e-01  -7.33265517804000e-01   6.52056253031000e-01   3.76372192552043e-02
-1.68367811523000e-01  -5.43934804180000e-02   9.84222347506000e-01   4.04966997263227e-02
-2.83008836843000e-01  -9.04123053293000e-01  -3.20105455707000e-01   3.40224312794127e-02
-3.02201464779000e-01  -1.08322813989000e-01  -9.47069396958000e-01   3.61649100390479e-02
-9.16960825913000e-01   8.10325718950000e-02   3.90661702798000e-01   3.45967287527344e-02
 3.94668106954000e-01  -8.77107064415000e-01  -2.73715697224000e-01   4.05167727536054e-02
-9.50570477288000e-01  -1.97654554269000e-01  -2.39475353399000e-01   3.58475332373393e-02
-8.78810277936000e-01  -3.78322501765000e-01   2.90799896925000e-01   2.92411661560690e-02
 3.44190731596000e-01   8.80429735011000e-01   3.26153678488000e-01   2.97919036340675e-02
-6.54046858982000e-01   6.69271417132000e-01  -3.52559890609000e-01   2.58879071664112e-02
-5.79461964337000e-01   3.42022680966000e-01  -7.39759635011000e-01   3.43873536505459e-02
 4.82073401974000e-01   3.95167230829000e-01  -7.81951465750000e-01   3.48859636522515e-02
-7.34678363253000e-01   2.92656579894000e-01  -6.12045610075000e-01   3.65298951172298e-02
 3.74519354899000e-01  -6.71934671013000e-01   6.38935873697000e-01   3.17961983777651e-02
 6.42709009950000e-01   3.83882323549000e-01  -6.62992828163000e-01   3.01233404264880e-02
 6.27702146868000e-01   7.67224472522000e-01  -1.31744539094000e-01   3.33151712301242e-02
-4.18733836220000e-01  -8.40296640395000e-01   3.44330554186000e-01   2.57272057778022e-02
 7.10854178043000e-01   2.52623955315000e-01   6.56404962473000e-01   2.70531718976993e-02
-2.88753769561000e-01  -9.26661656189000e-01   2.40664570541000e-01   4.03834656229461e-02
 5.25261703962000e-01   9.21992447610000e-02   8.45931109261000e-01   2.73753359581224e-02
 4.45239596428000e-01   8.78871760820000e-01   1.71307121294000e-01   3.26775276817063e-02
-2.99732617120000e-02  -2.08949824461000e-01  -9.77466917312000e-01   3.41384222788378e-02
 9.75887110684000e-01  -2.18174601933000e-01   6.64757637100000e-03   2.99626864383384e-02
-1.44145837616000e-01  -9.81731064006000e-01   1.24201833577000e-01   2.72123392682030e-02
-4.16658282183000e-01   3.83386832023000e-01  -8.24263557923000e-01   2.85868826488019e-02
-4.26150939244000e-01   8.69737541531000e-01  -2.48901558519000e-01   2.78708428044405e-02
-3.79117309254000e-01  -2.94751844253000e-01  -8.77149597351000e-01   2.91255774064633e-02
 5.91425373396000e-01   7.80260489478000e-01   2.03493479654000e-01   3.15772847063172e-02
 9.03544494333000e-01   4.19195267922000e-01   8.87844249410000e-02   2.40943845235774e-02
 4.79503564788000e-01   6.65704229368000e-01  -5.71764121257000e-01   3.25123484021194e-02
 8.23871133541000e-01  -5.47703365436000e-01   1.45799104279000e-01   3.52738342821253e-02
-5.92667032273000e-01   7.76946394615000e-01  -2.12367814773000e-01   3.09307966425116e-02
 8.00798262790000e-02  -6.00228160427000e-01  -7.95809887381000e-01   2.77802542645486e-02
-2.72947822900000e-02   9.99627273827000e-01   5.55231302000000e-04   2.93427922209250e-02
-9.36557847160000e-02  -9.94418164299000e-01  -4.85912389440000e-02   4.12384722112973e-02
-1.72409360366000e-01   7.21093457200000e-01   6.71043395349000e-01   3.27452643297436e-02
 4.41564345640000e-01  -8.17661736202000e-01   3.69391680753000e-01   3.21088738403130e-02
 7.17429715443000e-01   6.57949443921000e-01   2.28904199705000e-01   2.71083036301333e-02
-9.30293485530000e-02  -9.20714339859000e-01  -3.78986338390000e-01   3.13939339777891e-02
 8.51013598084000e-01   2.20298187816000e-01  -4.76701756155000e-01   2.69384757657050e-02
 6.01849567186000e-01  -3.25111462360000e-01  -7.29437890104000e-01   2.28035341153819e-02
 2.79543053968000e-01   9.50603423065000e-01   1.34940034959000e-01   3.24750349634478e-02
-7.86176595207000e-01   3.98881762537000e-01  -4.72037816985000e-01   2.95454268162409e-02
 8.08494047649000e-01   5.84278101992000e-01   7.04022332710000e-02   3.46479404740847e-02
 7.46754235545000e-01  -6.64670256784000e-01   2.39073512350000e-02   2.62158333089245e-02
 1.32877643504000e-01   5.19693226219000e-01   8.43956445842000e-01   3.00432322176213e-02
 5.02979630153000e-01  -6.52445227831000e-01  -5.66856874645000e-01   2.75585196099454e-02
 4.40541896461000e-01  -7.86847206643000e-01  -4.32197074100000e-01   2.57529679695622e-02
 1.82423903766000e-01   9.41369301332000e-01   2.83805140624000e-01   2.67963333387606e-02
 9.88665449887000e-01  -7.99447133740000e-02   1.27080568949000e-01   2.85033828544357e-02
 6.76155338597000e-01  -2.53311844050000e-01   6.91843239290000e-01   3.09277123939653e-02
-9.93400080117000e-01  -6.66989578630000e-02  -9.33141459970000e-02   2.85221485360962e-02
 7.93434016296000e-01  -4.32179700336000e-01   4.28582743938000e-01   3.36680312694074e-02
 8.38642497582000e-01  -1.10100366331000e-01  -5.33438534962000e-01   3.05099284089295e-02
 8.57006915043000e-01   3.69106273155000e-01  -3.59582684073000e-01   3.24789951088299e-02
-4.39957728759000e-01  -2.31317372114000e-01   8.67715085880000e-01   3.32214657717703e-02
 5.70009893008000e-01   2.58020092446000e-01   7.80073300253000e-01   3.72580440848160e-02
-3.39614288702000e-01   6.46473004290000e-01   6.83179910151000e-01   2.75249552023756e-02
-2.47122362237000e-01  -2.54893607967000e-01   9.34858163948000e-01   3.19350213413387e-02
-1.14460347028000e-01  -6.48717295199000e-01  -7.52372713399000e-01   3.08136539859255e-02
 4.25171339955000e-01   7.85723639493000e-01  -4.49296888507000e-01   3.08080267466714e-02
-1.98286482924000e-01  -7.81612639081000e-01   5.91408617724000e-01   2.53508792568340e-02
 8.49531544496000e-01  -4.72805803228000e-01  -2.33988947047000e-01   2.62055274853881e-02
 6.06952289677000e-01  -7.93810825025000e-01   3.83834877090000e-02   2.74355573546960e-02
 7.89326504327000e-01  -2.74520723630000e-01   5.49183067714000e-01   3.29818729153382e-02
-7.75667052285000e-01  -4.83836162599000e-01   4.05269283022000e-01   2.95498843826983e-02
 2.70997254308000e-01   9.48024233833000e-01  -1.66764925038000e-01   3.37460700693521e-02
 2.10446446122000e-01  -6.89620451738000e-01  -6.92918412123000e-01   2.95471147800483e-02
 4.38172930518000e-01  -3.70091946560000e-01   8.19168135399000e-01   1.93233122238188e-02
 9.58694980186000e-01   2.83465751773000e-01  -2.34755732050000e-02   3.98793419543193e-02
 7.55731460731000e-01  -5.74803158295000e-01   3.13801351933000e-01   2.66129741434430e-02
-3.48236560158000e-01  -7.27615239410000e-01  -5.91022302072000e-01   3.47766847421960e-02
-6.59619116761000e-01   1.75055831355000e-01  -7.30929597644000e-01   2.72640156261642e-02
-1.59073745936000e-01   9.17729360748000e-01   3.63962036172000e-01   3.73804440180240e-02
 7.76446228700000e-01  -6.12270177709000e-01  -1.49186069813000e-01   3.35449603661607e-02
-2.41695731238000e-01   7.85519212981000e-01  -5.69686527434000e-01   3.36996775634392e-02
 4.74452149951000e-01   5.62377528630000e-01   6.77219811212000e-01   3.62242278330578e-02
-3.97862662165000e-01   9.15028117813000e-01   6.65495730060000e-02   2.60466499315185e-02
 5.01290463315000e-01  -7.03802411634000e-01   5.03358755529000e-01   3.60514157356152e-02
 1.15909301025000e-01  -4.37569056370000e-01  -8.91682877958000e-01   3.54149728088816e-02
 6.19838138113000e-01  -6.74350378770000e-02   7.81826833901000e-01   3.50051674064331e-02
-3.29249102887000e-01   8.51729933833000e-01  -4.07616422707000e-01   3.06012284710147e-02
 9.95125161047000e-01   8.92584444790000e-02   4.19385734100000e-02   2.89594944289337e-02
-4.83639120832000e-01  -3.07421870210000e-02   8.74727453975000e-01   3.58836013310469e-02
 3.10642980181000e-01   7.35449660391000e-01  -6.02175004376000e-01   2.94159520449223e-02
 1.74073420907000e-01   5.18939053800000e-02   9.83364361119000e-01   3.11734108954883e-02
-6.82149103951000e-01  -3.58169933317000e-01  -6.37484822444000e-01   3.32830858703254e-02
-4.40625848452000e-01  -8.65198561173000e-01  -2.39333055428000e-01   2.82759185432973e-02
-3.24219529930000e-01  -6.63141519456000e-01   6.74629543962000e-01   2.95042644521218e-02
 9.29387165040000e-01  -3.50746169732000e-01  -1.14963567604000e-01   3.76370342527773e-02
-9.04069717573000e-01  -4.25644774651000e-01  -3.85288408670000e-02   3.49427870139802e-02
 3.35532749442000e-01   6.84385228182000e-01   6.47328844945000e-01   3.33300117459752e-02
-6.18842843891000e-01   4.10370594200000e-02   7.84442154858000e-01   2.81922982724748e-02
 9.31394889497000e-01   1.88494963453000e-01  -3.11405216032000e-01   4.00198926463861e-02
 9.03972820281000e-01   4.04722695060000e-02  -4.25670219294000e-01   2.59378496670083e-02
-6.47909259142000e-01  -5.70531720574000e-01   5.04685196669000e-01   3.64432598505454e-02
 8.92730786800000e-03  -9.77016366554000e-01   2.12977282025000e-01   4.18052586837820e-02
 9.80013390421000e-01   1.42833808266000e-01  -1.38463922422000e-01   2.73742818988782e-02
-5.22328894921000e-01  -6.85581067888000e-01  -5.07100704874000e-01   2.64279128635092e-02
-9.41908835826000e-01   3.03696069908000e-01  -1.43444909691000e-01   2.95240630883795e-02
-6.24922989317000e-01   6.50129956579000e-01   4.32206312983000e-01   3.81498144832369e-02
-7.06235670187000e-01  -7.05963121644000e-01  -5.33596198810000e-02   3.82414449753938e-02
-1.45591723319000e-01  -9.66673991132000e-01  -2.10581207542000e-01   2.71529507766768e-02
-1.33281574103000e-01   9.81108892091000e-01  -1.40218985390000e-01   2.68131102190554e-02
-3.69244148358000e-01   6.47922630851000e-01  -6.66224454170000e-01   3.05896609517288e-02
-5.85964483810000e-01  -8.08670465550000e-01   5.19394056620000e-02   2.77594671407849e-02
 1.86916760814000e-01  -9.58015855529000e-01   2.17411464929000e-01   2.74744445044906e-02
-6.68945207750000e-02  -8.68720522333000e-01   4.90764482382000e-01   4.19613862072471e-02
 4.63939931465000e-01   8.71424291986000e-01  -1.59309269438000e-01   3.07415399113073e-02
 2.16681253458000e-01  -9.39521934499000e-01  -2.65231538463000e-01   2.86968075028221e-02
-8.39154644790000e-01   5.24850144395000e-01   1.42659763265000e-01   2.88653988164458e-02
-6.01388116878000e-01  -4.67484315576000e-01   6.47912607971000e-01   2.84841284211285e-02
 9.75566114770000e-02  -1.50727369506000e-01   9.83749951786000e-01   4.49294310373619e-02
 2.71864241521000e-01  -8.62542752475000e-01  -4.26743288565000e-01   2.89904877586390e-02
 7.00861664410000e-02  -9.23959893307000e-01   3.76013357255000e-01   2.51823838602206e-02
 5.89896998190000e-01   2.40476579410000e-01  -7.70838858830000e-01   3.18807554799082e-02
 3.90917683592000e-01  -6.02055317770000e-01  -6.96213156296000e-01   2.74648714300633e-02
 1.48112838640000e-01  -9.84094855973000e-01  -9.80810964320000e-02   3.80802267027233e-02
 4.53105056063000e-01  -7.51221579650000e-02   8.88286254286000e-01   2.91260272188191e-02
-9.85585426278000e-01   1.18460247417000e-01  -1.20783017395000e-01   3.52683964077024e-02
 7.90758047648000e-01  -4.57321066943000e-01  -4.06889606416000e-01   4.06800011105112e-02
-1.63459317276000e-01  -4.03388085958000e-01   9.00310559586000e-01   3.67819775315791e-02
-7.38866728100000e-01  -3.86722419846000e-01   5.51834873939000e-01   3.14755549318582e-02
-2.35351436839000e-01   9.31450265409000e-01  -2.77506944501000e-01   3.56352823443331e-02
 7.24979853530000e-02  -6.70084550850000e-02  -9.95115023033000e-01   2.96438495770109e-02
-2.96244056790000e-01  -9.54005158829000e-01   4.59740768710000e-02   2.82777618309341e-02
 5.80424361050000e-02  -6.50308698773000e-01   7.57449451720000e-01   3.30370951344795e-02
 8.57437145037000e-01  -1.13183169766000e-01   5.01987163574000e-01   3.44863678166829e-02
-4.98347388546000e-01   5.44500195501000e-01   6.74662447027000e-01   3.34953622713382e-02
-9.88732057464000e-01  -1.20665083085000e-01   8.85937710420000e-02   3.43715192990180e-02
 5.39075627432000e-01   7.87080219462000e-01  -2.99836949089000e-01   3.06221747756308e-02
 2.58381415030000e-01  -8.89549214456000e-01   3.76750898377000e-01   3.83211766307275e-02
-1.26339976959000e-01  -9.36964386999000e-01   3.25785125072000e-01   2.22885444480741e-02
 5.59393823719000e-01  -7.82857088506000e-01  -2.72421234417000e-01   2.20081786617466e-02
-7.42247333019000e-01   6.09869836002000e-01   2.77718706178000e-01   3.04816610843238e-02
 2.57239729482000e-01  -5.41108020267000e-01  -8.00643386270000e-01   3.54584632222939e-02
-4.29358468322000e-01   3.28308388936000e-01   8.41347079055000e-01   3.14336524883079e-02
 8.26226169176000e-01   2.26249071968000e-01   5.15908591518000e-01   3.52895963458212e-02
 1.61466880121000e-01   6.61567131991000e-01   7.32295962363000e-01   3.72314469543796e-02
-5.03056515869000e-01   8.61042919081000e-01  -7.44260259770000e-02   3.65095344246662e-02
 6.07152726376000e-01  -7.12381813053000e-01   3.51962667461000e-01   2.55133103564900e-02
-5.41469644700000e-03   6.89178399943000e-01  -7.24571469294000e-01   3.23019703492473e-02
-4.98812307828000e-01   6.66350835063000e-01   5.54222740574000e-01   2.64673925845443e-02
-7.87935690110000e-01  -5.66040097715000e-01   2.42396278912000e-01   3.62654976739780e-02
-1.88756728243000e-01   6.80403347597000e-01  -7.08111701726000e-01   3.13826922210856e-02
-5.47290916806000e-01   6.27832402383000e-01  -5.53442975292000e-01   3.33226031462283e-02
 2.32528427092000e-01   5.28179178353000e-01  -8.16674528897000e-01   2.61997054260841e-02
-8.69617075008000e-01  -3.26375804866000e-01  -3.70465891619000e-01   3.14419915625638e-02
 2.70808392928000e-01  -9.56850763350000e-02   9.57865951210000e-01   2.16457955986080e-02
-2.83708622494000e-01   2.52654684847000e-01   9.25027041630000e-01   3.63000759206574e-02
-6.42885743350000e-01   4.55441791666000e-01  -6.15849572056000e-01   2.49854469414564e-02
-5.66340745779000e-01  -7.85489659306000e-01   2.49527863763000e-01   3.90151384589603e-02
 4.13790457730000e-01  -5.29834833131000e-01   7.40305684628000e-01   3.71945383122935e-02
-5.34358338287000e-01  -7.23025468863000e-01   4.37830261263000e-01   3.05702472745403e-02
-4.92167708050000e-02  -3.69259190348000e-01  -9.28022284116000e-01   2.68300011924604e-02
 8.77744218442000e-01   4.72958189151000e-01  -7.66527123190000e-02   3.43194778508676e-02
-7.99002497491000e-01  -1.87786907331000e-01   5.71253959669000e-01   2.85543023928973e-02
-1.36008300380000e-01  -6.73209757408000e-01   7.26835858196000e-01   4.00582624602816e-02
 2.75940226729000e-01   3.93967821818000e-01   8.76724783866000e-01   3.95964467901363e-02
-4.90784072954000e-01   5.14635376000000e-01  -7.03051508429000e-01   3.45445328957603e-02
-7.04900625991000e-01  -6.68349756044000e-01  -2.37536757311000e-01   2.68606816261312e-02
 1.43945344241000e-01  -2.59756235786000e-01  -9.54885561647000e-01   3.20593815865460e-02
-2.83364934192000e-01   9.34729393217000e-01   2.14441776542000e-01   3.03549882271118e-02
-7.89345542026000e-01   5.23044743832000e-01  -3.21493096713000e-01   2.80872216486197e-02
 1.32873120742000e-01  -8.42272344480000e-01   5.22419401926000e-01   3.05212206475335e-02
 5.19203240644000e-01   5.24693370819000e-01  -6.74629425332000e-01   2.60213044186609e-02
-5.68757573910000e-01   8.16980120108000e-01   9.51751305150000e-02   3.16297283971979e-02
-6.22893162743000e-01  -5.39851777568000e-01  -5.66183862420000e-01   3.65522853025843e-02
-6.71518107000000e-02  -5.39506777008000e-01   8.39299155178000e-01   2.33115830802449e-02
-8.18004056152000e-01  -5.57015799490000e-01  -1.43536626815000e-01   3.14113775471291e-02
 9.64314161277000e-01  -1.84197866111000e-01  -1.90182397928000e-01   2.60165492371078e-02
 6.98285143410000e-02   9.84170340292000e-01  -1.62888673252000e-01   3.76401249561231e-02
 4.91095353469000e-01   6.90721384132000e-01   5.30781803856000e-01   2.80280939666302e-02
 6.89682221146000e-01  -6.98558753683000e-01   1.90667515555000e-01   3.70323920853781e-02
-2.17468798972000e-01   9.75441191133000e-01   3.49543146780000e-02   3.76536545301862e-02
-5.44144644612000e-01  -2.96633031700000e-01  -7.84802809784000e-01   3.82475458389807e-02
-2.31298423007000e-01   4.17717428738000e-01   8.78642810955000e-01   2.71332013675718e-02
 1.77931612725000e-01   7.81153693538000e-01   5.98447364657000e-01   2.40295050260202e-02
-5.65438603088000e-01   3.93425366630000e-02  -8.23851534530000e-01   3.44591955360418e-02
-2.56134218733000e-01  -8.65244257438000e-01   4.30984497359000e-01   3.15536234356420e-02
-9.70710702678000e-01   2.38448884757000e-01   2.93744968440000e-02   2.90504565164193e-02
-9.63595909288000e-01   1.62152994343000e-01   2.12577821114000e-01   3.47860242655463e-02
 7.71361775940000e-02   9.86528172342000e-01   1.44264255035000e-01   3.70851692956776e-02
-3.10692206856000e-01   5.31868404314000e-01  -7.87773033996000e-01   3.12018258527109e-02
 7.66155600886000e-01   6.34266071828000e-01  -1.03499494484000e-01   2.60175872183658e-02
-1.40060940277000e-01   2.46669319246000e-01  -9.58925012684000e-01   2.89387203309413e-02
-6.10586196784000e-01   7.46452280319000e-01   2.64562827137000e-01   2.64895360945457e-02
-7.37860780460000e-01   5.15419489916000e-01   4.35780011099000e-01   2.46277449347895e-02
 5.17182546180000e-02   5.51841090819000e-01  -8.32344059042000e-01   3.11033280567014e-02
 1.75963270759000e-01   9.84285516684000e-01  -1.47969249840000e-02   2.59641395835536e-02
-9.33553564340000e-02   3.10950277038000e-01   9.45830165852000e-01   2.87723704841201e-02
 3.54697316868000e-01   7.62774986150000e-02  -9.31864559156000e-01   3.66057089532468e-02
-7.17241573451000e-01   6.87173391799000e-01   1.15573590914000e-01   3.71895846391957e-02
 4.96705891540000e-02   8.87823160965000e-01  -4.57496303183000e-01   3.49059982982376e-02
 6.87281353355000e-01   7.24888548132000e-01   4.67004723550000e-02   3.42828353074433e-02
 5.37483805407000e-01  -8.17380621577000e-01   2.07364602562000e-01   3.43670470090402e-02
-4.85047720730000e-01   7.75605242158000e-01   4.03937144804000e-01   2.97512352445279e-02
-4.36614520747000e-01  -5.18150968686000e-01   7.35450429277000e-01   3.58269588383497e-02
-7.48690942330000e-02  -5.19226683829000e-01  -8.51350849843000e-01   3.14615973057522e-02
 3.11193598173000e-01   5.48580604091000e-01   7.76026974577000e-01   2.51899500696398e-02
-6.45688534029000e-01   4.93812768153000e-01   5.82439067227000e-01   3.37335426085149e-02
 3.22371842277000e-01  -7.93442361457000e-01   5.16261188115000e-01   2.56398457556339e-02
 1.40924647422000e-01   3.94159305139000e-01  -9.08173268667000e-01   3.29412782800832e-02
 3.55390935351000e-01   8.80963980087000e-01  -3.12409585096000e-01   3.19675386783921e-02
-5.92489317527000e-01  -1.59358665796000e-01   7.89658929065000e-01   2.85120739241722e-02
 1.86004868800000e-03   7.62941456886000e-01   6.46464905144000e-01   3.52995008407448e-02
-8.05454348124000e-01  -5.91392102196000e-01   3.87127181670000e-02   2.69122158913485e-02
 5.42737287571000e-01   8.39720269632000e-01   1.74958695030000e-02   2.93609881993452e-02
 5.48005956081000e-01  -5.66301393678000e-01   6.15623426795000e-01   2.41136254878125e-02
-1.75480953365000e-01  -7.54851917431000e-01  -6.31984982224000e-01   2.95179078122781e-02
-1.05455338868000e-01   9.77389875518000e-01   1.83270845304000e-01   2.76337796735280e-02
-6.66180238749000e-01   7.44219755181000e-01  -4.83822849700000e-02   2.60457147927437e-02
-8.61899163285000e-01   4.81089415309000e-01  -1.60258562352000e-01   2.93797829472043e-02
-9.63429048850000e-01  -9.61024207700000e-03  -2.67791170652000e-01   3.07071237261890e-02
-1.42553483138000e-01   8.85737791935000e-01  -4.41754534084000e-01   2.89205929966760e-02
-4.04003134827000e-01   5.39672180670000e-02  -9.13164282276000e-01   2.98895318140125e-02
-1.81022524470000e-02   6.32574968301000e-01   7.74287555069000e-01   2.55698563908229e-02
-5.30678946358000e-01  -3.54064822002000e-01   7.70076592108000e-01   3.15291910979895e-02
 8.99993184526000e-01   3.53847258549000e-01   2.54567054868000e-01   3.49248534356784e-02
-6.76514154804000e-01  -6.12324847064000e-01  -4.09129417200000e-01   3.00051188400053e-02
 7.46299487591000e-01   5.33610980238000e-01  -3.97864796872000e-01   2.73300429222621e-02
-9.66240452778000e-01  -2.49066704655000e-01  -6.59178583310000e-02   3.12021925374382e-02
-3.69404616660000e-02   8.90502317590000e-02  -9.95341880218000e-01   3.67684898561882e-02
 5.04121067847000e-01  -8.56513340379000e-01  -1.10665472057000e-01   3.43884728921028e-02
 1.79134455124000e-01   8.75421484053000e-01   4.48941056538000e-01   3.53835251610231e-02
-3.39542085167000e-01   7.66149692663000e-01   5.45642576081000e-01   3.85435787103287e-02
-2.98224337317000e-01  -9.45867239005000e-01  -1.28052375259000e-01   3.03217459359105e-02
-7.06927780642000e-01   3.14024298221000e-01   6.33752201640000e-01   3.23320674862677e-02
 3.19861251196000e-01  -2.19377908555000e-01  -9.21716937688000e-01   3.33828551194754e-02
-1.95560428101000e-01   5.79064977401000e-01   7.91479545477000e-01   3.36157575823092e-02
-4.92383255520000e-02   4.79890105567000e-01   8.75945816747000e-01   3.69922758695648e-02
 2.40217380438000e-01  -5.96044564903000e-01   7.66176537611000e-01   2.39943738676269e-02
 4.40850243060000e-01  -4.41952325385000e-01  -7.81235691249000e-01   3.15730942713026e-02
-8.11675093973000e-01  -2.58831315032000e-01  -5.23631446900000e-01   3.41218173903204e-02
-9.07221369891000e-01   4.20620397975000e-01   5.27890335700000e-03   3.57673704546779e-02
 8.62528759055000e-01  -5.04989812509000e-01  -3.20847170180000e-02   3.04810614802221e-02
 3.54313586344000e-01  -2.39339122763000e-01   9.03979350896000e-01   4.27804562305384e-02
 6.17283943581000e-01   5.59908866876000e-01   5.52686704917000e-01   2.96723821782347e-02
 4.92386073362000e-01   7.91704410445000e-01   3.61607634380000e-01   3.08639753374191e-02
 3.64360674690000e-01   5.88557700482000e-01  -7.21693239502000e-01   3.53060070547909e-02
-8.97315135643000e-01   2.63498394724000e-01   3.54110354726000e-01   2.80179361837303e-02
 9.47748239282000e-01  -2.44485951652000e-01   2.04938757640000e-01   3.58451562678161e-02
 1.51596655612000e-01  -8.16097491133000e-01  -5.57676733398000e-01   2.82309742421081e-02
-9.04159270844000e-01  -1.36659334193000e-01  -4.04747130101000e-01   2.82365931158267e-02
-4.96893215745000e-01  -6.28259942678000e-01   5.98653970649000e-01   2.86374669976711e-02
-3.78124528491000e-01  -7.62438003699000e-01   5.25081071330000e-01   3.68431869580305e-02
-3.87535537550000e-02   9.51875677529000e-01  -3.04024434215000e-01   3.09070257942664e-02
 7.51012897022000e-01  -9.44053275550000e-02   6.53503835211000e-01   2.86614260094782e-02
 3.33975247852000e-01  -9.36358418134000e-01  -1.08136240971000e-01   2.23775755940761e-02
-8.78793552126000e-01  -4.58053845702000e-01   1.33822894826000e-01   2.97673650764905e-02
 4.43940928230000e-01  -8.54757648010000e-02  -8.91969924310000e-01   2.22567159217266e-02
 6.95849482264000e-01   6.64560218099000e-01  -2.72310878506000e-01   3.36937873489630e-02
-1.30176995960000e-01   5.52074760326000e-01  -8.23569917332000e-01   3.10458490677814e-02
 1.62716873695000e-01   9.34005393166000e-01  -3.18052109806000e-01   2.60615715477883e-02
 4.40869999850000e-01  -8.95846507438000e-01   5.56118543500000e-02   3.29779947416053e-02
-2.30685535127000e-01  -8.43614671446000e-01  -4.84869539159000e-01   3.05710221265990e-02
-2.84188527678000e-01  -6.02671486636000e-01  -7.45670141505000e-01   3.10815573771209e-02
 1.79725565166000e-01   6.70667689621000e-01  -7.19655175292000e-01   3.40455668172124e-02
-7.41454489073000e-01   6.44180397901000e-01  -1.87821339556000e-01   3.81876873222288e-02
 7.21955053030000e-01  -6.16015726584000e-01  -3.15127793136000e-01   2.85507130086805e-02
-4.08821656742000e-01  -8.07382208514000e-01  -4.25439563691000e-01   3.03183446673245e-02
 6.23775032307000e-01   6.77580169500000e-01   3.89602134198000e-01   3.53297519469508e-02
-4.54370539272000e-01  -8.89635777431000e-01  -4.57776862320000e-02   3.78717900375367e-02
-4.14991032657000e-01   7.41982190241000e-01  -5.26540475349000e-01   2.73186033545641e-02
-3.95442595694000e-01  -4.58809736082000e-01  -7.95687614323000e-01   3.20652636767671e-02
 8.24665438724000e-01   5.12209118853000e-01  -2.39934851028000e-01   3.47680051292860e-02
-3.28942235420000e-01   2.36415914535000e-01  -9.14278142094000e-01   3.40886759041415e-02
 6.01628473500000e-02  -9.97105364078000e-01   4.64900497490000e-02   2.06215775875547e-02
-8.32162077883000e-01   1.86166154054000e-01   5.22348963068000e-01   2.95523404415189e-02
-5.46772481423000e-01  -4.52590271307000e-01  -7.04415999163000e-01   2.38444578084545e-02
-8.26060494789000e-01  -6.66164814790000e-02  -5.59630506088000e-01   3.09990951361940e-02
-3.33444005267000e-01  -1.01606704039000e-01   9.37278599481000e-01   2.55613141635823e-02
 6.58224490470000e-01  -7.40226903972000e-01  -1.37130050614000e-01   3.66040625447840e-02
 7.29899722438000e-01  -2.34189192932000e-01  -6.42185189099000e-01   3.81971366114259e-02
 5.18270480590000e-02   2.48487547312000e-01  -9.67247587705000e-01   3.03456344439011e-02
 3.10619919600000e-03   8.66581981253000e-01   4.99025070808000e-01   3.25600097941099e-02
 5.39224048427000e-01  -2.23008248956000e-01   8.12098975800000e-01   3.00238108653859e-02
 6.92352785123000e-01  -4.30367857939000e-01   5.79164163071000e-01   2.67457914060907e-02
 2.67441878590000e-02  -7.38103917181000e-01  -6.74156773947000e-01   3.52601792536598e-02
 2.48382339915000e-01  -6.90938622300000e-02  -9.66194727485000e-01   3.21845534648614e-02
 6.72554049981000e-01   8.48928616290000e-02  -7.35162738378000e-01   2.92124529625918e-02
 5.97960642832000e-01  -1.29787403440000e-01  -7.90947722376000e-01   3.85434049295530e-02
 3.31753207167000e-01   3.91707137498000e-01  -8.58198886021000e-01   3.28001234451324e-02
 4.36850065531000e-01   2.25322547144000e-01  -8.70856917062000e-01   2.61149485848681e-02
 9.33541452460000e-02   3.59560819898000e-01   9.28440100577000e-01   2.74937196958628e-02
-4.42682260731000e-01  -8.84243916640000e-01   1.48812337930000e-01   2.77986045703404e-02
 9.96211996599000e-01  -4.77112045240000e-02  -7.27000604870000e-02   3.77045627254086e-02
 8.08719443615000e-01   6.89443815910000e-02  -5.84139995007000e-01   3.82393912214865e-02
-9.01344389501000e-01  -1.03309771467000e-01   4.20601215684000e-01   3.05244682942922e-02
-7.99478165019000e-01   1.21027150873000e-01  -5.88376658620000e-01   3.00008081586978e-02
-7.22857782468000e-01  -7.28587902700000e-02   6.87144979612000e-01   3.40961653277761e-02
 2.32039658458000e-01   2.27422315494000e-01   9.45746629557000e-01   2.58888971550016e-02
-2.34697705358000e-01  -4.42997215253000e-01  -8.65257449767000e-01   3.44048845871939e-02
-2.33520519764000e-01   3.95934649934000e-01  -8.88090040385000e-01   3.25675834666665e-02
-1.71132627185000e-01   8.32176587986000e-01   5.27442651215000e-01   2.63162184783453e-02
 2.92573777890000e-02  -9.73958460746000e-01  -2.24830875518000e-01   2.85118117131937e-02
 6.62622408651000e-01  -5.81885717010000e-01   4.71530015899000e-01   3.80964393773100e-02
-2.32612644157000e-01   8.41069633480000e-02  -9.68925888030000e-01   3.06108105191833e-02
 4.50002270590000e-02   1.87297356104000e-01   9.81271970435000e-01   3.90230943580823e-02
-7.14730276434000e-01   2.13286693100000e-03  -6.99396942249000e-01   3.40081030651400e-02
 8.97030104277000e-01  -3.15636308265000e-01  -3.09371480464000e-01   3.02116807794369e-02
-8.59188005786000e-01   2.33106075333000e-01  -4.55475057885000e-01   2.91408689785984e-02
 1.14140659830000e-02   9.43283301866000e-01   3.31792603171000e-01   2.83510785994681e-02
 7.63480422480000e-01   3.85231857546000e-01  -5.18357078105000e-01   3.39925289886219e-02
 4.09110434609000e-01   2.49402240166000e-01   8.77739810476000e-01   2.74292593127325e-02
 5.34784849770000e-01   5.86169356340000e-02  -8.42952679166000e-01   3.60747220411613e-02
 5.96166182931000e-01  -6.89083588754000e-01  -4.12006905330000e-01   4.19221531053962e-02
 8.27481932647000e-01   3.79645414538000e-01   4.13694344127000e-01   2.62039028838802e-02
 2.93517309770000e-01  -3.83449391098000e-01  -8.75679252542000e-01   2.60163689154973e-02
 3.55134590914000e-01   7.91650370570000e-02   9.31457094688000e-01   4.02945353119746e-02
-6.71802415023000e-01  -6.57045388377000e-01   3.42012971658000e-01   2.64335518334103e-02
 9.68055632967000e-01   6.04287189320000e-02   2.43344737789000e-01   3.64984244160577e-02
 9.13945243798000e-01   2.02530118179000e-01   3.51689696422000e-01   2.95207579157805e-02
 8.28812352320000e-01  -2.87408034275000e-01  -4.80069480884000e-01   2.53783206426107e-02
-9.22953781566000e-01   3.42855672718000e-01   1.74946576926000e-01   3.00178394582520e-02
-2.10562105517000e-01  -2.68061052286000e-01  -9.40110031841000e-01   3.17239825758378e-02
-3.66286483300000e-03  -7.72999869486000e-01   6.34395606224000e-01   2.46154358595359e-02
 1.60662771504000e-01   9.73512864500000e-02  -9.82196620275000e-01   2.85345446265731e-02
-1.33846566731000e-01  -6.88329118410000e-02  -9.88608682352000e-01   2.62041553757818e-02
 7.09883588106000e-01  -3.99696212953000e-01  -5.79920881404000e-01   3.11591871358655e-02
 8.71648243333000e-01  -4.13572527811000e-01   2.63034416257000e-01   3.15535430142911e-02
-7.35664158308000e-01   1.26490356293000e-01   6.65431015167000e-01   3.14694994456574e-02
 3.45293646106000e-01   7.96878888865000e-01   4.95738171256000e-01   3.39083957766413e-02
 5.99271984907000e-01   6.75260674216000e-01  -4.29995476678000e-01   3.13890315808369e-02
 4.45170047535000e-01   4.12535158025000e-01   7.94756800645000e-01   3.01664047229353e-02
 7.25847463195000e-01  -6.85890865670000e-02  -6.84427496070000e-01   2.37083748638677e-02
-8.44379019201000e-01   4.38352476256000e-01   3.08011653176000e-01   3.52450310145172e-02
-9.40869855481000e-01  -2.00718329719000e-01   2.72903036189000e-01   3.39742162325423e-02
 2.54940864351000e-01   2.43148735813000e-01  -9.35886664055000e-01   3.16626009915762e-02
 5.95842184645000e-01   4.16881735530000e-01   6.86426769276000e-01   2.86269019113977e-02
-9.39854688295000e-01   1.77648630264000e-01  -2.91743258800000e-01   2.93381205079354e-02
 1.24156430480000e-01   7.91958806623000e-01  -5.97818057090000e-01   2.83672555963350e-02
 9.17931159983000e-01  -1.42199156590000e-01  -3.70380595330000e-01   3.86328552757353e-02
-5.66064208639000e-01  -7.53245550196000e-01  -3.34951418579000e-01   3.86815948902021e-02
-5.61973055326000e-01   3.90330110940000e-01   7.29265856585000e-01   2.80606802701790e-02
-3.26395691726000e-01   8.62227590731000e-01   3.87336332151000e-01   2.68802244650011e-02
-3.52760165083000e-01  -3.93474104773000e-01   8.48963129237000e-01   2.86720772557185e-02
-7.56876519184000e-01  -4.39796821760000e-01  -4.83442540824000e-01   2.71961492267639e-02
-6.10053444187000e-01  -1.33362256576000e-01  -7.81056530449000e-01   2.76751437546506e-02
 6.43920943084000e-01   5.37717460508000e-01  -5.44266250766000e-01   3.34079344156528e-02
 3.66306399462000e-01  -9.04040654874000e-01   2.20295519810000e-01   2.68580458884977e-02
-3.68108097760000e-02  -8.43509235197000e-01  -5.35851784005000e-01   3.06209806564006e-02
-9.96519257200000e-01   5.78076821440000e-02   6.00636488650000e-02   3.09541436481934e-02
-6.77325090134000e-01  -2.77251148280000e-01   6.81441503764000e-01   3.39297647279784e-02
-3.70258063332000e-01   4.89777171553000e-01   7.89320776847000e-01   3.27747090553341e-02
 7.36246899426000e-01   5.40284096020000e-01   4.07472206014000e-01   3.12759169890967e-02
 8.82860465682000e-01  -2.68383303680000e-01   3.85393046697000e-01   2.85055470993649e-02
 6.63926630815000e-01  -5.52983835838000e-01  -5.03398754664000e-01   2.21586021109928e-02
 6.77245724311000e-01   9.29831528430000e-02   7.29857768466000e-01   3.20366951345887e-02
 9.22545077350000e-01   3.33608064495000e-01  -1.93949064348000e-01   2.41879825156925e-02
-7.23062343169000e-01  -1.89149557678000e-01  -6.64381887713000e-01   2.87806223679781e-02
-6.10757060730000e-02   8.02772674721000e-01  -5.93149046066000e-01   3.10448620882519e-02
 9.62777791149000e-01   2.23661800522000e-01   1.51770629097000e-01   2.78394781800805e-02
 8.21102557358000e-01   5.14878099084000e-01   2.46355704995000e-01   3.35407215191529e-02
 3.75693727587000e-01   9.26647059693000e-01  -1.33958879250000e-02   3.21706593515524e-02
 3.33676419873000e-01  -7.46818175912000e-01  -5.75258775637000e-01   3.86582578912650e-02
-8.01645009883000e-01  -5.06115488047000e-01  -3.18138949028000e-01   3.68921837137682e-02
 2.60260527317000e-01  -9.63858106987000e-01   5.69386293860000e-02   3.82652890722959e-02
-5.84534685189000e-01  -7.97444913074000e-01  -1.49669009564000e-01   2.75491100267414e-02
-5.12854734676000e-01   7.67290885213000e-01  -3.85025607708000e-01   3.61144532847967e-02
-4.74552209050000e-02   4.06083639791000e-01  -9.12602914472000e-01   3.19864907005095e-02
-4.54422901732000e-01   8.58425711163000e-01   2.37918315388000e-01   3.73270215563532e-02
-1.38818389460000e-01   1.34379221242000e-01   9.81158335666000e-01   2.97378914692573e-02
 1.82022978182000e-01  -2.99302753650000e-01   9.36635199569000e-01   2.20387378255845e-02
 7.38658232796000e-01   2.31107403008000e-01  -6.33224591592000e-01   3.08849038572757e-02
-9.00679768691000e-01  -3.81757414331000e-01  -2.07454165717000e-01   2.66333543898482e-02
 9.21064456803000e-01  -3.80235829472000e-01   8.40296400110000e-02   2.78632630950087e-02
 4.74631465186000e-01  -2.68424459640000e-01  -8.38256095547000e-01   3.58390315495702e-02
-9.49184554164000e-01  -2.93445372217000e-01   1.13747508374000e-01   2.88187622648356e-02
-6.97916566759000e-01  -7.00598936353000e-01   1.48571855423000e-01   2.93401473672999e-02
 1.08140222650000e-02  -3.58494735945000e-01   9.33469111017000e-01   3.37006654922708e-02
 8.00934758265000e-01   6.69998538560000e-02   5.94991203790000e-01   3.22745446642398e-02
 5.63478512015000e-01  -4.98292469373000e-01  -6.58935946404000e-01   4.05330223878717e-02
 2.44421903893000e-01   8.50752724425000e-01  -4.65271678465000e-01   3.48649080931920e-02
 8.89651539020000e-02  -9.11649164752000e-01  -4.01224378371000e-01   3.61417582081186e-02
 9.40450241877000e-01  -1.01638931175000e-01   3.24380748848000e-01   3.00460546832962e-02
-4.97267500364000e-01   2.09785182564000e-01  -8.41852249661000e-01   3.08950798397650e-02
 5.74936563637000e-01  -4.05905555724000e-01   7.10414405559000e-01   3.88184479486160e-02
-8.80982363893000e-01   3.57385256732000e-01  -3.10073947278000e-01   3.60243186885706e-02
-8.32714917528000e-01   2.62986207000000e-03   5.53695719644000e-01   3.18336375387923e-02
 7.24521171930000e-01   4.06130943018000e-01   5.56890230251000e-01   3.53191116994969e-02
-9.69234908294000e-01  -2.02397167960000e-02   2.45303987756000e-01   2.76729972981986e-02
-8.03628878418000e-01   5.94688268322000e-01  -2.29453544760000e-02   2.92001173848309e-02
-6.01806638180000e-01   2.21882191017000e-01   7.67200797414000e-01   3.35246645525202e-02
-7.37041653960000e-02  -2.08510564069000e-01   9.75238965933000e-01   2.38072047159775e-02
-3.16315055549000e-01   7.78162503600000e-02   9.45457252769000e-01   2.77555772246590e-02
-6.85987342602000e-01   5.51646275317000e-01  -4.74455216769000e-01   3.58515957913134e-02
 1.07457609069000e-01  -4.93500262302000e-01   8.63081892615000e-01   3.60129687128721e-02
-4.62057771315000e-01  -1.28531443650000e-01  -8.77486344031000e-01   2.89321991578257e-02
-4.50456114334000e-01  -6.00162574188000e-01  -6.60979707406000e-01   3.32076485189881e-02
-7.96908968623000e-01   3.58254981948000e-01   4.86404629539000e-01   3.39371276817984e-02
-2.55407117664000e-01  -5.43632154647000e-01   7.99519408570000e-01   2.94587330549680e-02
-8.99773345313000e-01   5.21588241370000e-02  -4.33229020414000e-01   3.49838196579696e-02
