 0.00000000000000e+00   0.00000000000000e+00   1.00000000000000e+00   7.77497200092934e-02
 9.98304362881000e-01   0.00000000000000e+00  -5.82099566460000e-02  -1.94095737447262e-01
 7.33951920727000e-01  -2.99564452640000e-02   6.78540484752000e-01   1.22533176241991e-01
 4.78969434236000e-01  -2.12187332730000e-01   8.51800925626000e-01   5.71667902017376e-02
-3.37558094414000e-01   8.64337866371000e-01   3.72792952794000e-01   1.04760365655315e-01
-9.41242981907000e-01  -3.09559117882000e-01  -1.35036297147000e-01   7.49291919502054e-02
 4.58143300648000e-01   8.79999295956000e-01   1.25323402400000e-01   1.99651535071582e-01
-4.28541204872000e-01  -3.13477034988000e-01   8.47398716226000e-01   9.72407900887861e-02
 7.16346672674000e-01  -6.95703868469000e-01   5.33251530380000e-02   1.21465689427989e-01
-9.82159679618000e-01  -1.87848150638000e-01   8.68539201900000e-03  -5.55168136159345e-04
 2.97402810842000e-01  -3.10833251040000e-02  -9.54245982440000e-01   5.18620611137635e-02
-3.70843859472000e-01  -1.78673324508000e-01  -9.11345529973000e-01   6.40619400253339e-02
 3.23317121549000e-01   8.68217367590000e-01  -3.76383636106000e-01   3.70267640444368e-01
-8.60333574395000e-01   2.04078583813000e-01  -4.67095356857000e-01  -2.61577915913046e-02
 2.29729524400000e-03   9.11693020787000e-01   4.10865620713000e-01   5.58280968086155e-02
-2.81803500508000e-01  -8.99952521446000e-01  -3.32674384713000e-01   8.37889209936081e-02
-5.72180092810000e-02  -6.18122477366000e-01   7.83996621414000e-01   4.14038659131910e-02
 8.98456599660000e-01  -4.08865510270000e-01   1.60014790064000e-01   1.95480529607821e-01
 5.35390318400000e-02   6.75631431297000e-01  -7.35292962779000e-01  -1.09318087936735e-01
-6.22486038242000e-01  -7.54515763043000e-01   2.07887218254000e-01   1.78170171774614e-01
-8.37818915609000e-01  -3.01220485655000e-01  -4.55330301725000e-01   7.49978256960854e-02
-8.52212827032000e-01  -5.16867534269000e-01   8.11249003740000e-02   1.28501511202901e-02
-4.82717518377000e-01  -8.32405797785000e-01   2.72184469185000e-01  -1.04872526476710e-01
 9.34408430508000e-01  -3.21418210680000e-01  -1.53529211680000e-01   1.89489563579821e-01
-4.44584463974000e-01  -7.01761745199000e-01   5.56664268089000e-01  -9.51673281325563e-02
-2.30915178508000e-01   6.02038078450000e-01   7.64348305703000e-01   5.68825246560644e-03
-9.89275789029000e-01   1.20614406238000e-01   8.23746213940000e-02  -3.58779318365364e-02
-7.79223484502000e-01  -3.57156253786000e-01   5.15024437850000e-01   9.92832398003931e-02
-4.64178811035000e-01   3.94680164798000e-01   7.92947412444000e-01   4.89037380471033e-02
-9.57383579246000e-01   2.87752734597000e-01   2.48001194150000e-02   9.28192216882016e-02
 5.41950954102000e-01  -6.65271935663000e-01  -5.13519634451000e-01   1.40377155513813e-01
-9.03774813617000e-01   1.92637281671000e-01   3.82206703214000e-01   1.23127520346775e-02
 2.92027502849000e-01   5.98307740184000e-01   7.46155336117000e-01  -9.08793638314450e-02
 4.41174488687000e-01   7.70400287593000e-01  -4.60269994033000e-01  -2.37135333312873e-01
-7.81907080205000e-01  -4.94055271334000e-01  -3.80171943721000e-01  -4.24225884948685e-03
 6.34603357684000e-01  -5.46746533732000e-01   5.46211320158000e-01   6.13277389499092e-02
-8.97263749373000e-01  -2.73002613908000e-01   3.46968783698000e-01   6.62832542371842e-02
-2.10873722359000e-01  -1.85176005888000e-01  -9.59813586100000e-01   5.68099515055992e-02
 2.74299383022000e-01   8.03585130501000e-01   5.28214716296000e-01  -6.22722943746918e-02
 7.02087427456000e-01  -3.82645574847000e-01   6.00546091702000e-01  -9.05305828390675e-02
-5.93915253804000e-01  -6.16856385404000e-01   5.16481239819000e-01   6.92558718335176e-02
-2.60311513925000e-01  -8.30965985809000e-01  -4.91663956526000e-01  -1.66957597298174e-02
-4.95926355213000e-01   7.98289948783000e-01   3.41745823497000e-01  -3.50597909102803e-02
-5.68634474363000e-01   4.79507366293000e-01   6.68376780145000e-01   2.71014540345957e-02
-7.64095981781000e-01   1.92894747206000e-01  -6.15588293526000e-01   6.77211604576526e-02
-8.28925045005000e-01  -4.20727235805000e-01   3.68608006989000e-01  -7.01749189668099e-02
-3.97804447996000e-01  -7.28990032862000e-01  -5.57068355898000e-01   3.71302973659648e-02
 9.01093057380000e-02  -9.94884875758000e-01   4.56551969480000e-02   3.10669729839901e-02
 9.17400654760000e-01   3.00705563706000e-01  -2.60676432771000e-01   2.52517046306834e-01
-7.24538875853000e-01   2.57802935690000e-02  -6.88751619847000e-01  -7.66229091432443e-02
 4.13835119855000e-01  -6.50278934477000e-01  -6.37085395336000e-01   8.99317541374578e-02
 3.84877491025000e-01  -7.70986340644000e-01  -5.07394697886000e-01  -9.52880828730984e-02
-7.67204761450000e-02   8.31992500665000e-01   5.49456501807000e-01   7.66159433241569e-02
-4.17364126417000e-01   7.58793785014000e-01   5.00039176269000e-01   2.83016113099918e-02
 8.32215680640000e-01  -1.14613949616000e-01   5.42476454282000e-01  -1.18365384456205e-01
 9.06855596860000e-01  -1.69139015140000e-02   4.21101942977000e-01   7.94683766737458e-02
-2.49879806643000e-01   8.09980384948000e-01   5.30558063017000e-01   6.88376272267747e-03
-7.02711500810000e-01   3.94199445685000e-01   5.92286538469000e-01   4.25490225886563e-02
 2.11178154470000e-02  -9.61361465987000e-01  -2.74477994721000e-01   1.53439427727997e-01
-9.80809889800000e-03   1.73174843632000e-01   9.84842258805000e-01   9.68659971755552e-02
 3.86643585568000e-01   4.53363198800000e-01  -8.03099338633000e-01   2.08378421794230e-01
-6.28248839588000e-01   7.76548861546000e-01   4.76996979840000e-02  -2.35045981330059e-03
-5.39538848360000e-01  -4.02366587715000e-01   7.39593780532000e-01   7.08529367791622e-02
-2.52248463477000e-01   6.91042295982000e-01  -6.77370842181000e-01  -9.64005723190090e-02
 1.11668796400000e-01   6.16771501598000e-01   7.79180976877000e-01  -6.98993924942868e-04
-2.11368129669000e-01  -8.75928370276000e-01   4.33673845080000e-01  -7.98421294633316e-02
-5.18641938117000e-01  -6.01237580957000e-01  -6.07884784536000e-01   5.06967451757096e-02
 2.43058774024000e-01  -5.16709809244000e-01   8.20934470833000e-01   3.40841320808525e-02
-5.92674624494000e-01   2.06870787900000e-03  -8.05439327280000e-01   1.00773604002897e-01
-9.89849746279000e-01  -5.53500595580000e-02   1.30896335693000e-01   3.51223633544004e-02
-7.44051494496000e-01  -6.53934957833000e-01   1.36954169206000e-01  -5.73710623352361e-02
-2.64871305777000e-01   5.52991504164000e-01  -7.89964295205000e-01   5.30271318695687e-02
-4.64521589952000e-01   8.41591786010000e-01  -2.75577499423000e-01   4.72347283691909e-02
 8.16151164550000e-01  -2.89522817150000e-01   5.00073809506000e-01   1.01790115028466e-01
-5.90897602449000e-01  -3.50008180690000e-02   8.05986951603000e-01   5.86099688854825e-02
-2.76226173112000e-01  -3.40746137400000e-01  -8.98660765325000e-01  -3.60515421529289e-02
 5.91424997719000e-01   8.05995938229000e-01   2.42284880010000e-02  -1.80229203508153e-01
 6.56623915791000e-01  -6.49490715912000e-01  -3.83414714318000e-01  -1.29299981469278e-01
 8.35863625544000e-01   4.41190134141000e-01  -3.26624042330000e-01  -1.77344383254631e-01
-2.02379142179000e-01  -6.14039003475000e-01  -7.62888448610000e-01   1.14878778365098e-02
-8.37757303141000e-01   5.39468805688000e-01   8.44754918540000e-02   5.71969381189832e-02
 7.20198827795000e-01  -6.54709226790000e-01   2.29498315460000e-01   1.32303436357488e-01
 8.97715936146000e-01   4.39182186548000e-01   3.50015000950000e-02   2.55960193451394e-01
-1.49531044809000e-01   4.51113501138000e-01   8.79850598528000e-01   7.54934092474403e-02
-3.99432443983000e-01   2.86577190591000e-01  -8.70819864569000e-01   8.72522699716207e-02
 4.68398199878000e-01   2.05832750640000e-02  -8.83277677256000e-01   3.00106162549909e-02
-4.40634378762000e-01  -3.32021104528000e-01  -8.34028375058000e-01   6.93470955534101e-02
 8.86603857612000e-01   4.09281089417000e-01   2.15459020494000e-01  -5.76601235256181e-02
 5.73009011070000e-02  -5.12068752924000e-01   8.57031037368000e-01   1.08265371319805e-01
 9.71841848523000e-01  -1.97808179250000e-02  -2.34802343900000e-01   2.41482030564117e-01
 6.08189673832000e-01   7.69761615316000e-01   1.93835951851000e-01   3.45402694100915e-02
 3.71757486261000e-01   3.01274453182000e-01  -8.78083182431000e-01   8.12337445421969e-03
-3.88868084151000e-01  -4.87236177520000e-01   7.81909534693000e-01  -1.09864706304268e-01
 1.75022564424000e-01   9.36245412680000e-02  -9.80102824817000e-01   3.58533964012870e-02
 8.09574829906000e-01  -5.12833235567000e-01   2.85640801148000e-01   4.91677838047354e-02
 7.51951990769000e-01   4.25459727515000e-01   5.03539694405000e-01  -1.21322113083802e-01
 9.64933120989000e-01  -8.40397343890000e-02   2.48679301636000e-01  -9.56186979787132e-02
 7.15614477491000e-01   6.45240846700000e-01   2.67507325797000e-01  -5.93431379358436e-02
 5.59623437157000e-01  -5.36905270900000e-01  -6.31311601877000e-01  -1.12776690327223e-01
-7.19248368835000e-01   5.65336997610000e-02   6.92449077347000e-01  -4.54131531013892e-02
-2.01720293472000e-01  -9.78723985418000e-01  -3.75271044610000e-02   9.41629647557910e-02
 8.55583555897000e-01   1.11516311491000e-01  -5.05510525262000e-01   2.23476388764414e-01
-7.71609056392000e-01   4.91411796704000e-01  -4.03898390878000e-01  -4.62335168112462e-02
 2.63716914596000e-01   9.55436340411000e-01  -1.32645348120000e-01   3.73325096305662e-01
 9.41348407259000e-01  -1.85367793537000e-01  -2.81960914436000e-01  -2.09603573296776e-01
 5.13429852270000e-02  -8.95005656486000e-01  -4.43090027789000e-01   8.23082383440229e-03
-4.34478582197000e-01   8.77097054289000e-01   2.04766010289000e-01   1.47240710467699e-02
-9.64410180830000e-02   3.15699916670000e-01  -9.43945280536000e-01   1.11784091994287e-01
-9.63280788015000e-01   7.11031266450000e-02   2.58910155890000e-01   7.17041644790037e-02
-5.41225713351000e-01  -8.37505052394000e-01   7.52330673480000e-02  -9.31635388227607e-02
 8.71672066196000e-01  -3.56421853929000e-01   3.36379653154000e-01  -1.13173527689203e-01
 3.94111022844000e-01   8.91774407824000e-01  -2.22294640562000e-01  -2.71978478674262e-01
-4.64152034492000e-01   5.35152093830000e-02   8.84137439113000e-01  -5.50414255554653e-02
-2.58764825802000e-01   4.03003536092000e-01  -8.77854723075000e-01   9.50932690100432e-02
 1.78660046333000e-01   8.99613992396000e-01   3.98466124696000e-01   1.75155637999777e-01
 8.79176312622000e-01  -3.45458418760000e-01  -3.28188196364000e-01   1.11832879895252e-01
-4.01880455292000e-01  -9.15151999603000e-01  -3.14470551460000e-02  -2.46101270363884e-02
-5.01833592484000e-01  -5.59015012382000e-01   6.60049438592000e-01   1.13607002093469e-01
-5.43627347668000e-01   3.20383192910000e-01  -7.75773108949000e-01   7.55217376705355e-02
-9.36770549449000e-01   1.95149581842000e-01  -2.90478189183000e-01   8.10498622454880e-02
 6.11389987510000e-01   5.22205833750000e-02   7.89604517366000e-01   8.85151536212845e-02
-5.47151179328000e-01  -7.02343358927000e-01  -4.55345355890000e-01  -5.86778954957737e-03
 1.87318311063000e-01  -7.58676493445000e-01   6.23956591948000e-01   3.80312625969133e-02
 8.88015273720000e-01   1.69004775351000e-01   4.27628646782000e-01  -1.25729426194457e-01
-1.00426761066000e-01   4.78455622714000e-01  -8.72350091852000e-01  -8.61849782556725e-02
 6.82038557137000e-01   3.31426994392000e-01   6.51904558940000e-01   7.19205799199481e-02
 4.45850073828000e-01   2.94363743341000e-01   8.45321062244000e-01   9.84329505181907e-02
-5.51125508176000e-01   4.80146807884000e-01  -6.82436603002000e-01   7.88363788344793e-02
-5.71387792373000e-01  -2.22589508234000e-01   7.89917654918000e-01  -8.34818732313099e-02
 6.87583554238000e-01  -6.09459936595000e-01   3.94699178650000e-01  -5.70505687354339e-02
 4.23381373610000e-01  -5.06143988026000e-01  -7.51376387615000e-01   4.69785339796009e-02
 3.44193378731000e-01   1.39488532334000e-01  -9.28479330618000e-01  -3.82644910829569e-02
 2.48432776014000e-01  -7.45316136332000e-01  -6.18696220067000e-01   3.44316926935339e-02
 7.67215724110000e-01   4.13765448902000e-01  -4.90079775113000e-01   2.14235394602084e-01
-2.27312459020000e-01  -5.60695554597000e-01   7.96209483132000e-01   1.19613032594851e-01
-3.07490322277000e-01   4.68184007130000e-01   8.28404150867000e-01   1.37867103618609e-02
 7.71222352700000e-03   3.57485805110000e-02  -9.99331056557000e-01   3.73633713779610e-02
 3.67313198457000e-01  -7.38052806459000e-01   5.66002711228000e-01   7.85481024421186e-03
-7.41524148753000e-01   6.11149251336000e-01  -2.76836647514000e-01   6.70219145815158e-02
-9.48707010527000e-01  -1.02181174488000e-01   2.99188929870000e-01  -5.22574044146538e-04
 3.18843099052000e-01   9.47228105643000e-01   3.31359935310000e-02  -2.34847811253142e-01
-8.95042979423000e-01  -3.96560080938000e-01   2.04054324119000e-01   1.97171012979585e-02
 8.13995919307000e-01   5.79982101542000e-01  -3.21154984790000e-02  -1.81601382159797e-01
-3.54371702192000e-01   8.37106397904000e-01  -4.16741616921000e-01  -1.06750222249163e-01
 7.02319446903000e-01   7.05926036024000e-01  -9.17378120860000e-02   8.34156665011979e-02
-6.87709896974000e-01   7.12731602485000e-01  -1.38089682538000e-01   3.07689560951177e-02
-1.25155166400000e-02   9.37072001615000e-01  -3.48911773422000e-01   8.44862277643895e-02
 5.29399973293000e-01   3.45094199079000e-01  -7.75013330233000e-01  -1.86951436700319e-01
-5.69023693647000e-01  -7.69831565754000e-01  -2.89087177920000e-01   5.64480197321964e-02
 6.24728078465000e-01   4.96009023463000e-01   6.03067058146000e-01   1.36769540793723e-01
-6.50396307290000e-02  -7.22699083332000e-01  -6.88095837355000e-01   1.96636944403748e-02
-9.76003142947000e-01   4.17994810320000e-02  -2.13706968401000e-01  -1.28410952405005e-02
-6.00660699219000e-01   7.68703744299000e-01   2.19775517093000e-01   8.80327206442735e-02
 7.67053922432000e-01  -4.56690589778000e-01   4.50623995466000e-01   1.00389907877307e-01
 3.45129628800000e-02   4.80361349284000e-01   8.76391367773000e-01   7.15508007380034e-03
 9.84224963780000e-02   8.29788240282000e-01   5.49330946239000e-01  -5.16602624583677e-02
 5.78676591376000e-01  -9.69875928070000e-02  -8.09769602687000e-01   9.08806032895117e-02
 5.68674435412000e-01   8.08455020187000e-01  -1.51690035411000e-01   1.48983753923299e-01
 7.19745753228000e-01   1.51569824096000e-01   6.77489955006000e-01  -1.45412019849529e-01
 1.33449454670000e-01   2.99429053804000e-01   9.44739903247000e-01   1.00373202894443e-01
-1.71251961163000e-01  -7.05571498947000e-01   6.87634805454000e-01  -7.74317636860437e-02
 9.59522740754000e-01  -2.79964363238000e-01   3.05951841480000e-02  -1.83313640932420e-01
-6.51404107966000e-01   5.51708303234000e-01   5.20855677004000e-01   3.39317939978151e-02
-2.42010655263000e-01   2.37943844660000e-01  -9.40645294214000e-01  -9.82313472773135e-02
 5.91836530273000e-01   2.27641690900000e-01   7.73245615570000e-01   1.38612604526781e-01
 3.03801585942000e-01  -8.99797859250000e-01   3.13158759847000e-01  -4.92427776039643e-02
-3.87343894854000e-01   7.29202779719000e-01  -5.64117020812000e-01   6.65925044997639e-02
 6.24539601290000e-01   6.61529513320000e-02  -7.78186400196000e-01  -1.40553988944709e-01
-1.06130372489000e-01   6.23780862188000e-01  -7.74360239167000e-01   1.16985343556927e-01
-3.41508751069000e-01  -6.40732432841000e-01   6.87629058758000e-01   7.32317654800297e-02
-5.45775292173000e-01  -7.36385597459000e-01   3.99831942580000e-01   7.89686973783319e-02
-6.58006516520000e-02  -1.10618010582000e-01  -9.91682373534000e-01   2.58573483351003e-02
 6.60636752796000e-01   7.01118013693000e-01  -2.68314389721000e-01  -2.02342799181298e-01
 1.37710055864000e-01  -9.80279110461000e-01  -1.41734985474000e-01   2.33376088775827e-02
 3.46030348848000e-01  -9.28574239687000e-01   1.34212067515000e-01   4.87008215999547e-04
-9.99129798909000e-01  -6.83794966000000e-03  -4.11447126270000e-02   8.99587220606267e-02
-4.14309964065000e-01   4.49247690337000e-01  -7.91532542858000e-01  -8.27227581688976e-02
 5.64294314039000e-01  -4.65819481255000e-01   6.81604091849000e-01   6.74121189542982e-02
 3.22627162007000e-01   1.33046404820000e-02   9.46432618244000e-01   2.68776649795504e-02
-3.16533058274000e-01   3.17359835329000e-01   8.93918093530000e-01  -8.01687516633883e-03
 4.78311060384000e-01   8.29710482282000e-01   2.87748232149000e-01  -4.49816537358303e-02
 6.50239182120000e-01   5.33092270089000e-01  -5.41296256783000e-01  -1.51481305199443e-01
 8.17126988313000e-01   5.56308267088000e-01   1.51078115355000e-01  -1.22798670160202e-02
 9.89713873368000e-01   6.82740401640000e-02   1.25718353085000e-01  -7.28831460495002e-02
 1.95756885220000e-01   7.22842466700000e-01   6.62705070317000e-01   1.44983458762299e-01
 2.53030897115000e-01  -2.13539878882000e-01  -9.43597416927000e-01   3.39077712153869e-02
-6.21617650049000e-01  -4.51859864163000e-01  -6.39854796267000e-01   4.83666716433238e-02
-1.32295004709000e-01   9.65218400164000e-01  -2.25502708882000e-01  -1.26391845976078e-01
 4.71014940777000e-01   5.58545629897000e-01   6.82767680026000e-01   8.04679680370017e-02
-2.92840180480000e-02  -9.95660348181000e-01  -8.83341233400000e-02  -1.94216454466422e-02
-3.47479067313000e-01   1.10623613511000e-01  -9.31139470710000e-01   1.10989000888138e-01
-8.52244166484000e-01   4.65488768725000e-01  -2.38746909685000e-01   6.54343574881513e-02
 3.38448255719000e-01   8.63504224780000e-01   3.73916076130000e-01   8.80115686429395e-03
 7.72000899890000e-01   2.55608200314000e-01  -5.81961389185000e-01  -1.44953748941529e-01
 9.54548582625000e-01   2.79923009536000e-01   1.02372418851000e-01  -8.81988127934883e-02
 9.80957864753000e-01  -1.62743563736000e-01  -1.06000943586000e-01   8.15565111363625e-02
-3.04531909499000e-01   9.17620423421000e-01  -2.55407663586000e-01   1.17380628484477e-01
-9.77274545696000e-01  -1.40856559192000e-01  -1.58410517539000e-01  -1.12023854805245e-02
 7.85300823872000e-01  -4.97607584482000e-01  -3.68360296302000e-01   1.33388201089939e-01
-6.70766185515000e-01   3.42537892566000e-01  -6.57830157811000e-01  -7.25688978177600e-02
-8.15341055514000e-01   5.16467645577000e-01   2.61687092279000e-01   5.02064696502384e-02
-7.46631926796000e-01   6.65040483785000e-01   1.61839678700000e-02   4.03024782304514e-02
 1.72531699271000e-01  -3.88904106037000e-01   9.04978678784000e-01  -7.92555801320151e-02
-6.84621124573000e-01  -6.45105967067000e-01  -3.39311371816000e-01   7.16755787671093e-02
 8.99565399598000e-01  -4.36435939801000e-01  -1.74860600400000e-02   6.05971190665680e-02
 2.99090472865000e-01  -6.47620301842000e-01   7.00808699777000e-01   6.20592243925244e-02
 5.91168646846000e-01   7.15361322779000e-01   3.72528936940000e-01   7.01134592925488e-02
 2.10657921943000e-01   7.05445239231000e-01  -6.76734995673000e-01   4.92725406253947e-02
-1.38810074140000e-01   1.10410469116000e-01  -9.84144954581000e-01   9.95287311669098e-02
-3.36204632895000e-01   9.39685811679000e-01   6.29048499690000e-02   1.03887686306809e-01
-2.34342935734000e-01  -7.34979179954000e-01  -6.36308882153000e-01   3.46539707292535e-02
 5.73707613340000e-02   9.78695721115000e-01  -1.97137721444000e-01   1.45131230156494e-01
-8.82254704150000e-02   7.55337366984000e-01  -6.49370255253000e-01   7.91845558918597e-02
-3.86272496032000e-01  -8.15502932953000e-01   4.30985527777000e-01   1.12434218185908e-01
-7.96866756952000e-01  -5.46618917048000e-01   2.57315236996000e-01   1.28495838422519e-01
 5.11626321687000e-01   8.00459423922000e-01  -3.12255052178000e-01   1.47155611439089e-01
 9.54602726031000e-01   8.24874353700000e-02   2.86233223894000e-01   1.12211373504784e-01
-5.28067264313000e-01  -1.70452561551000e-01  -8.31920001335000e-01  -4.41640309355239e-02
-4.53479190371000e-01  -1.29309673112000e-01   8.81836511118000e-01   9.61638549320934e-02
-3.21446894011000e-01   1.44481281423000e-01   9.35840292811000e-01   8.19781777660860e-02
 5.44820553542000e-01   6.40950086252000e-01   5.40697282563000e-01  -9.46038559427207e-02
 5.84891025353000e-01  -7.41632713445000e-01   3.28456095711000e-01   1.68036210619255e-02
-4.81327283046000e-01  -4.74469773895000e-01  -7.37022713527000e-01  -1.99978809564344e-02
 9.04608596306000e-01  -1.89638427031000e-01   3.81733617177000e-01   1.14539515902693e-01
-1.73541700375000e-01   2.55057653374000e-01   9.51224932225000e-01   5.62191926037285e-02
 4.96335481012000e-01  -8.64651071318000e-01   7.76505966330000e-02   3.31823728088182e-02
-3.66841159624000e-01  -6.17872939334000e-01  -6.95457111865000e-01   2.88455440500740e-02
 9.71835711877000e-01   1.49395930553000e-01  -1.82253134555000e-01  -3.43269536506956e-02
-1.11174274156000e-01  -4.59851553091000e-01   8.81008983998000e-01  -9.77359390878033e-02
-6.13601946130000e-02   9.96118962758000e-01  -6.31026033660000e-02   1.35230266907658e-01
-7.26499435319000e-01   2.26238974089000e-01   6.48856299256000e-01   5.17492599608632e-02
-6.54571297230000e-02   6.03067262017000e-01   7.95000151982000e-01   4.31854251535719e-02
 1.04551626215000e-01  -6.84927681319000e-01  -7.21070751604000e-01   5.96649471615654e-02
 5.96380178343000e-01   6.78041405788000e-01  -4.29640006187000e-01   1.91448731970640e-01
-4.00905950554000e-01  -9.05713931813000e-01   1.37683305200000e-01   2.04915182717127e-01
-3.13670679990000e-01  -9.03092204514000e-01   2.93317532139000e-01   2.47962906331139e-02
-9.33210022055000e-01  -3.57539330181000e-01   3.58424623850000e-02   4.74412711063149e-02
-1.02156555329000e-01  -8.21972094132000e-01   5.60290919676000e-01   8.10044186492699e-02
 2.26754668465000e-01   4.25241081894000e-01  -8.76214781089000e-01  -1.11779828466802e-01
 9.14826121243000e-01  -3.84062640350000e-02  -4.02017570231000e-01   4.48965526334040e-02
-6.67013796516000e-01  -1.45668495027000e-01  -7.30666329328000e-01   5.99692922205923e-02
 4.09874071059000e-01  -9.10228255076000e-01  -5.90573410770000e-02   2.94493718926757e-02
 1.80015361691000e-01   9.76161728588000e-01   1.21254893490000e-01   3.07141516622608e-01
 1.94520550192000e-01   9.37319865776000e-01  -2.89124929356000e-01  -2.52525921600533e-01
 3.05639063298000e-01   9.25457622338000e-01   2.23859224162000e-01  -1.48976536507023e-02
-9.31104614026000e-01   3.22074199469000e-01  -1.71208667349000e-01  -2.18718041122741e-02
 6.35343074930000e-02   3.81560307003000e-01  -9.22157862782000e-01   5.16288496612053e-02
-5.66238873610000e-02   8.61111602549000e-01  -5.05252949854000e-01  -1.32172250140500e-01
 1.85434795836000e-01  -9.28524341240000e-01  -3.21646520607000e-01  -1.06440767623395e-01
-8.73975949018000e-01  -1.32369981155000e-01  -4.67594085320000e-01  -3.39455810829314e-02
 6.62988699053000e-01   3.84889578305000e-01  -6.42110580384000e-01   4.96961995128170e-02
 6.82503709058000e-01   5.80344058169000e-01   4.44285337672000e-01   7.20135957474427e-02
-6.97767604378000e-01  -1.22171444512000e-01   7.05828951252000e-01   8.01897982911184e-02
 4.78433160827000e-01  -4.44963894900000e-02   8.76995884793000e-01   1.43911973113628e-01
-3.04059986423000e-01  -2.12604336738000e-01   9.28626362245000e-01  -9.58402731532793e-02
 1.66782692091000e-01  -5.74992507440000e-02   9.84315686039000e-01   9.58913013036955e-02
-9.80654147997000e-01   1.69186878327000e-01  -9.84542646060000e-02   2.22249257777802e-02
 8.55216764285000e-01   3.42403977423000e-01   3.89055011959000e-01   7.43574771131654e-02
 9.83922915430000e-02   9.59219178469000e-01   2.64985895139000e-01  -1.92834792245167e-01
-5.79052902388000e-01   6.90493523910000e-01   4.33493286769000e-01   5.98244107882255e-02
-2.47600599774000e-01  -9.61201054549000e-01   1.21599653473000e-01  -1.29129073417270e-01
-5.04569797826000e-01   6.31799570976000e-01   5.88420445970000e-01   6.35628154132903e-03
 1.57499902470000e-02   7.31715102703000e-01   6.81428606886000e-01   1.13522243000757e-02
-1.56394557751000e-01  -1.05489736139000e-01   9.82045140447000e-01   1.01049307550367e-01
 6.11647610218000e-01  -7.76039740088000e-01   1.53784013209000e-01  -7.83069922217302e-02
-1.70603804206000e-01   9.01819832974000e-01   3.97007973276000e-01  -4.84270253269616e-02
-5.06800334344000e-01   7.44786130784000e-01  -4.34104872698000e-01   1.19844527932200e-01
 6.11298224302000e-01  -2.94741365933000e-01   7.34467159356000e-01   1.15241817353084e-01
 8.28991120266000e-01  -5.64798057380000e-02  -5.56402510836000e-01  -1.65842507882495e-01
 8.25057781816000e-01   6.84193209760000e-02   5.60890767602000e-01   1.08411146246891e-01
 7.74729493755000e-01  -2.23505026982000e-01  -5.91472496757000e-01   8.79854857006585e-02
-8.28935242528000e-01   1.36576893162000e-01   5.42414155374000e-01   4.42012191282237e-02
 4.66678991039000e-01   1.25481171263000e-01   8.75479979772000e-01  -1.48328753733627e-01
 3.61310960304000e-01   7.15992124048000e-01  -5.97335473805000e-01   2.93624455586448e-01
-3.24589405250000e-01  -4.85979826179000e-01  -8.11458764539000e-01   5.74071829941242e-02
 2.22448199742000e-01  -8.49823714437000e-01  -4.77824709295000e-01   1.26117863922317e-01
 7.81050511865000e-01   5.87069359985000e-01  -2.12860669175000e-01   2.09818069214304e-01
-4.39143385340000e-01  -2.45210817940000e-02  -8.98082292254000e-01   3.13775094905153e-02
 8.12665439089000e-01  -5.79000275301000e-01  -6.58298208350000e-02   1.69539423747720e-01
 7.93110301922000e-01  -3.67224523816000e-01  -4.85924066180000e-01  -1.68151855427224e-01
 2.03765370172000e-01   2.63170585287000e-01  -9.42985109616000e-01   1.23087609598565e-01
-4.40938558729000e-01  -8.67926083961000e-01  -2.28642734865000e-01  -6.23684286872512e-02
 9.28497265526000e-01   1.30640052076000e-01  -3.47600351990000e-01  -1.46521140253527e-01
 4.49330973857000e-01   8.91476173684000e-01  -5.80681296870000e-02   1.29679101310464e-01
-5.05561925375000e-01   1.47924539546000e-01  -8.50014982345000e-01  -8.14864685475488e-02
 1.30777815662000e-01  -8.95908540930000e-02  -9.87355377660000e-01   2.29070871484700e-02
-6.49178475729000e-01   6.27647926284000e-01  -4.29680564236000e-01   5.86376206342053e-02
 4.72309186699000e-01  -8.55422104738000e-01  -2.12548947037000e-01  -8.78533327280280e-02
 1.29170880125000e-01  -5.43270117169000e-01  -8.29561609236000e-01   3.07659154210376e-02
-6.81476541199000e-01  -7.12638106366000e-01  -1.66543247089000e-01  -7.15920508673179e-02
-1.88533869141000e-01   9.01480141392000e-01  -3.89600481087000e-01   1.01850903873569e-01
-4.14044473950000e-01   5.57277893650000e-01   7.19728089518000e-01   4.24080776482369e-02
 7.32795938424000e-01  -2.07983410029000e-01   6.47883487815000e-01   7.64677824409042e-02
 9.86550189758000e-01   1.63093215821000e-01  -1.09236460240000e-02   2.81717636262447e-01
-6.03767676232000e-01   3.12099557673000e-01   7.33524682092000e-01  -9.62591255048353e-03
 1.20966599906000e-01   8.89970967431000e-01  -4.39680291618000e-01   1.44045423542979e-01
-1.46419671956000e-01  -9.51778336935000e-01   2.69590943849000e-01   1.30256761574167e-01
 5.12745097441000e-01  -2.57769903889000e-01  -8.18930486488000e-01   4.59577574004328e-02
 6.82575473108000e-01  -5.26693913117000e-01  -5.06640153756000e-01   7.77775884322586e-02
-1.55500154347000e-01   7.26342060390000e-01   6.69512444475000e-01   3.18559429627976e-02
-1.47540269368000e-01  -2.82517217980000e-01   9.47848031311000e-01   7.60926485732321e-02
 1.35186598170000e-01  -9.20706866606000e-01   3.66092132475000e-01   7.99637268875834e-02
-6.54482320966000e-01  -5.69564635546000e-01  -4.97241407646000e-01   1.39210968468813e-02
 3.28609256840000e-01  -3.37364572224000e-01   8.82157073161000e-01   1.19747661681483e-01
 3.54458879500000e-01  -8.66243707522000e-01  -3.52108991539000e-01   9.17475881242011e-02
 5.38047545235000e-01  -6.87509394272000e-01   4.87683987696000e-01   7.19294058841126e-02
 2.51883832067000e-01  -9.67730052364000e-01  -7.28566361400000e-03   7.91071225154190e-04
 2.72302689941000e-01  -6.18916501634000e-01  -7.36745280987000e-01  -4.99007990672691e-03
-1.16378542882000e-01  -9.11632555923000e-01  -3.94185384988000e-01   1.00221424396375e-03
-8.14556928161000e-01   3.05593790858000e-01   4.93061300220000e-01   9.61474013414157e-03
-8.75517974392000e-01  -1.55625604009000e-01   4.57437370460000e-01   4.55937644102151e-02
-1.41459811954000e-01  -9.64724326335000e-01  -2.22027241076000e-01  -5.72507561593382e-02
-7.56933396390000e-02  -9.92688226694000e-01   9.40244804150000e-02   9.92828180526753e-02
-6.72766642388000e-01  -3.08729544858000e-01   6.72362337599000e-01   9.80844404244312e-02
-7.71562659054000e-01   4.69365478919000e-01   4.29403202541000e-01   1.60300632021209e-02
 4.64846361914000e-01  -8.48639477027000e-01   2.52445831509000e-01   1.09131788845542e-01
 9.45330847771000e-01   3.14700065321000e-01  -8.55187531420000e-02  -1.74889861518992e-01
 6.53567692956000e-01   2.28026615526000e-01  -7.21701554201000e-01   1.76984525672492e-01
 5.31741749386000e-01   4.95738125031000e-01  -6.86654515277000e-01   1.77997937680545e-01
 7.55702785700000e-03  -1.73177023756000e-01   9.84861721143000e-01  -9.54955816732788e-02
-6.99502361724000e-01   6.24077618170000e-01   3.48171757099000e-01   1.08635706946310e-02
 6.55599868566000e-01  -2.40980169384000e-01  -7.15623763091000e-01  -1.21276111214910e-01
 2.21958814899000e-01   5.73143070391000e-01  -7.88822733795000e-01   1.21643809684300e-01
 1.76670035029000e-01  -3.62916997789000e-01  -9.14920188562000e-01   5.56246993934952e-02
 3.77143433949000e-01   6.90208045256000e-01   6.17556219702000e-01   5.59109349476794e-02
-6.44373896414000e-01   1.75815646897000e-01  -7.44225194364000e-01   8.62416591448165e-02
 1.17212438440000e-02  -3.43614137631000e-01   9.39037771798000e-01   9.81246666683345e-02
 9.90667740901000e-01  -1.11759020397000e-01   7.80214617750000e-02   2.43656168577048e-01
-6.07616311706000e-01   7.39062976667000e-01  -2.90840736948000e-01  -4.92368853589719e-02
 3.02316866429000e-01  -9.33695510625000e-01  -1.91878101177000e-01   1.05857707826243e-01
 2.46266596567000e-01   8.16124283555000e-01  -5.22775207147000e-01  -2.18847213747835e-01
-1.67954993244000e-01   9.82092206666000e-01   8.53581738880000e-02  -6.60568097091949e-02
 7.97184001168000e-01   2.54785014701000e-01   5.47341086129000e-01   1.42173135645102e-01
 1.04653518740000e-02  -7.43647987505000e-01   6.68489451742000e-01   8.71766000876112e-02
-6.67747560778000e-01  -7.44325553294000e-01   9.62630715100000e-03   3.96050073391012e-02
-3.51724451350000e-02  -5.90211100898000e-01  -8.06482334264000e-01   2.60536572799679e-02
 1.73655095790000e-01  -2.27477137497000e-01   9.58174336758000e-01   9.20861988660557e-02
 5.30723918400000e-03   9.94612741335000e-01   1.03524528431000e-01   2.88084100467921e-02
-2.39572992526000e-01   9.67099105958000e-01  -8.55809587860000e-02   5.34294534556067e-02
-5.57204286628000e-01   8.21392023944000e-01  -1.21813488436000e-01   8.94122665968988e-02
-8.70103709604000e-01  -4.13119619057000e-01  -2.68796791059000e-01   3.67984518674561e-02
-9.15413893573000e-01   5.39932641670000e-02  -3.98876084615000e-01   5.99661987412173e-03
 3.06934333880000e-02   2.07963829633000e-01  -9.77654825954000e-01  -6.24092432047908e-02
 7.96632189967000e-01   5.03010453550000e-01   3.35197908000000e-01   1.13469555564149e-01
-6.49760436245000e-01  -4.65040884845000e-01   6.01288908025000e-01  -9.38139540955701e-02
 7.35835745170000e-02  -8.47819630399000e-01   5.25154579026000e-01  -5.71338016420683e-02
-8.14506242689000e-01  -3.26286641220000e-02   5.79236524140000e-01   7.22048029478571e-02
-9.19483250090000e-02  -8.29914231324000e-01  -5.50261641562000e-01   8.12416756577455e-02
-7.22301674150000e-01  -5.26164968474000e-01   4.48810335744000e-01   9.05586780098350e-02
-9.43143237865000e-01  -9.25530017730000e-02  -3.19240935239000e-01   9.81324140760816e-02
-4.05475816353000e-01   9.07615522417000e-01  -1.08735577526000e-01  -5.70183024213429e-02
 9.33921183805000e-01   2.43721467346000e-01   2.61516861396000e-01   1.04643857202945e-01
 6.17840077440000e-01  -1.23356341420000e-01   7.76567351709000e-01  -1.16742953974633e-01
 7.52708783003000e-01  -6.11831279687000e-01  -2.43088406113000e-01   1.08689015868822e-01
-2.94335847190000e-02   3.41072213818000e-01   9.39576185869000e-01  -4.47109663858826e-02
-9.15136233406000e-01  -2.58408562495000e-01  -3.09436082473000e-01  -7.31685723547161e-03
-5.51031753552000e-01  -8.27976406150000e-01  -1.04014794312000e-01   1.44756075049977e-01
-7.27292443148000e-01   6.60350530987000e-01   1.87037104244000e-01  -1.44557448493650e-03
-7.90501599155000e-01  -5.73158131999000e-01  -2.15863330506000e-01   5.05359641513517e-02
 4.69294595826000e-01  -3.73015607251000e-01   8.00388617532000e-01  -6.15295870893182e-02
 7.20773922818000e-01   6.88074963654000e-01   8.38915763200000e-02   1.96058887310611e-01
-3.31499972527000e-01   6.91866996287000e-01   6.41426400816000e-01   4.17927259681198e-02
 7.28665138345000e-01   5.67189190196000e-01  -3.83853538064000e-01   6.21995865481330e-02
 6.10388249608000e-01  -7.53136139937000e-01  -2.45381620054000e-01   1.49531994691174e-01
-7.42980291847000e-01  -4.17818303544000e-01  -5.22884452963000e-01   3.84792459601805e-02
 1.23971744881000e-01   9.91448054084000e-01  -4.07647215650000e-02  -2.16399910577338e-01
-8.76511906283000e-01  -4.71994401906000e-01  -9.45947287830000e-02  -2.43408539446682e-02
 5.05749903048000e-01  -7.74795418170000e-01  -3.79353523182000e-01   4.27475144063624e-02
 5.43442822576000e-01   4.02020158854000e-01   7.36919052858000e-01  -1.32345615002069e-01
-6.02849442986000e-01   1.43497795105000e-01   7.84844527210000e-01   7.52177190468886e-02
 5.86408287400000e-02  -2.43968366881000e-01  -9.68008620399000e-01   1.00561582126526e-02
-1.64381479581000e-01   7.40949368570000e-02   9.83610019013000e-01  -7.55445449880964e-02
-8.98695199325000e-01   4.36265813826000e-01  -4.49341562300000e-02   2.83397853079232e-02
-8.12102154126000e-01   5.72458117657000e-01  -1.13056599948000e-01  -5.32485339358779e-03
 2.85793905156000e-01   3.43909363120000e-01   8.94454131711000e-01  -1.42940637792622e-01
 9.46052321180000e-01  -2.49475242874000e-01   2.06753739465000e-01   4.02272846146268e-02
-4.09446335674000e-01   5.98304718331000e-01  -6.88756242967000e-01   1.15247995354716e-01
 3.97549941620000e-01  -5.14749383660000e-01   7.59596679784000e-01   4.23554081954310e-02
-2.62432825085000e-01   9.36717710420000e-01   2.31708746715000e-01  -1.08967367258252e-02
 5.07611096977000e-01   1.86360411331000e-01  -8.41190092259000e-01   1.54737083038456e-01
 2.39904529020000e-02  -9.71349116573000e-01   2.36443126149000e-01  -1.00109676030923e-01
 8.60672407741000e-01   2.78512742951000e-01  -4.26231930488000e-01  -3.07889178531568e-04
-3.93084178140000e-02  -9.12940950836000e-01   4.06194126713000e-01   6.61692025164206e-02
 3.72104012146000e-01  -3.34763887415000e-01  -8.65720361218000e-01   5.76020726635802e-03
 1.99628379854000e-01   4.79812445381000e-01   8.54358547224000e-01   1.17567486053347e-01
 1.88147454773000e-01  -9.64032614445000e-01   1.87727604654000e-01   1.08262041638846e-01
 4.47460679046000e-01   7.62865059872000e-01   4.66707447052000e-01   1.09072537984411e-01
-2.73237154212000e-01  -3.92622930009000e-01   8.78173497886000e-01   9.39411316577016e-02
-9.56280025840000e-01  -2.32604342003000e-01   1.77267403266000e-01   3.27270334386710e-02
-8.34253184361000e-01   3.70543337940000e-02  -5.50135074986000e-01   7.93537612721669e-02
 8.22144687065000e-01  -5.58623026165000e-01   1.09628591936000e-01  -1.67705447051791e-01
 6.09323376900000e-02   5.36643633475000e-01  -8.41606119794000e-01   9.15537854532090e-02
-9.04935921955000e-01   3.97699817909000e-01   1.51412786748000e-01  -2.96063882123256e-02
-7.78274719554000e-01   3.53591262584000e-01  -5.18904307100000e-01   7.06511758942739e-02
-8.51165398460000e-02   9.63571147239000e-01   2.53546482627000e-01   1.55736801897181e-01
 3.78738644791000e-01   5.92557040973000e-01  -7.10938247765000e-01  -2.40331587612628e-01
-2.26756640243000e-01   8.09188450788000e-01  -5.42029037244000e-01   1.15184252878247e-01
 7.93905973270000e-02  -8.02634396577000e-01  -5.91164239859000e-01  -2.33211675428377e-02
 1.54569070012000e-01   1.18386460987000e-01   9.80863419876000e-01  -1.10948305888985e-01
-3.03026053173000e-01  -9.38885078725000e-01  -1.63309583450000e-01   7.62977460245714e-02
-4.94639023154000e-01   8.67821416335000e-01   4.70980479710000e-02   1.58498802340685e-02
-8.68525196531000e-01   3.42937694385000e-01  -3.57851534523000e-01   4.17199720652569e-02
-6.69794914924000e-01   4.95819424702000e-01  -5.52754801002000e-01   8.88322081364192e-02
 7.97483782470000e-02   7.98395490657000e-01  -5.96828984438000e-01   1.38125165694373e-01
 4.11270634865000e-01  -1.47742724077000e-01  -8.99460144965000e-01   6.66743992196882e-03
 8.76583841895000e-01   4.56474884191000e-01  -1.52418661034000e-01   4.38504428868879e-02
-2.79500144181000e-01  -7.73199396112000e-01   5.69247189941000e-01   8.70336686202040e-02
-6.81145107387000e-01  -6.51448257620000e-01   3.34150430685000e-01  -8.82716982742264e-02
-4.21998453009000e-01  -8.13615974339000e-01  -3.99932934327000e-01   5.30718890121018e-02
-5.37593177845000e-01   6.23108047962000e-01  -5.68093245604000e-01  -9.63297579371995e-02
-7.86328074413000e-01  -1.27702668765000e-01  -6.04466862434000e-01   7.53969873491193e-02
 6.81471926161000e-01  -3.89693788593000e-01  -6.19463287844000e-01   1.49063770436986e-01
 4.23817193488000e-01  -8.04737489489000e-01   4.15663998339000e-01   9.02637798429538e-03
-9.47955169715000e-01   2.39535674696000e-01   2.09770485909000e-01   3.39351586332783e-02
 4.74801361581000e-01  -6.12770101207000e-01   6.31724995633000e-01  -1.52067268626214e-02
 5.13582150164000e-01   6.33756786242000e-01  -5.78433843170000e-01   3.75873653785146e-02
-7.29206780420000e-01  -2.83739605433000e-01  -6.22695196463000e-01  -2.48306193107043e-02
 1.26896148289000e-01  -6.42694902133000e-01   7.55539959447000e-01  -3.81445174727905e-02
 3.82899703326000e-01   4.60793808050000e-01   8.00660279804000e-01   1.21104358736164e-01
-2.45723299133000e-01  -2.24625806350000e-02  -9.69079714334000e-01  -4.57566304190405e-02
 2.83137138372000e-01  -4.70504237205000e-01  -8.35738669469000e-01   2.35949079331372e-02
 1.73700728810000e-02  -4.31025269034000e-01  -9.02172654220000e-01   5.27497589104173e-03
-9.77867926250000e-02  -3.10711101062000e-01  -9.45460921913000e-01   5.00815866291027e-02
-7.82988698941000e-01  -6.20468873124000e-01  -4.41256706970000e-02   1.01959760402564e-01
 5.78471460176000e-01  -8.13456848160000e-01  -6.04874031810000e-02   1.04583868618187e-01
 5.46745638000000e-01  -3.96205363191000e-01  -7.37624916544000e-01   7.34546985318278e-02
-4.68096058401000e-01   2.29689288503000e-01   8.53304699891000e-01   3.87660438604524e-02
-5.93295525106000e-01  -3.13737942208000e-01  -7.41329160028000e-01   5.02132962656821e-02
 6.98870121551000e-01  -7.06749887758000e-01  -1.09932476351000e-01  -1.51061879824976e-01
 3.06450698113000e-01   1.82687467810000e-01   9.34191232420000e-01   1.81032688084652e-01
 7.16479272474000e-01  -7.47212639540000e-02  -6.93595115920000e-01   1.63532172169788e-01
 7.53933341262000e-01   9.12342458720000e-02  -6.50584990078000e-01   3.57258756529999e-02
 2.51860585169000e-01  -8.42033517598000e-01   4.77017610660000e-01   7.45792786378160e-02
-8.73611690772000e-01   3.59513081034000e-01   3.27952676941000e-01   5.65056480864189e-02
-3.14431928837000e-01  -3.32111083970000e-02   9.48698890274000e-01   6.59390111936934e-02
 3.30093144763000e-01  -1.60317183908000e-01   9.30234871591000e-01  -8.11586055003919e-02
 8.71551789393000e-01  -2.04807954207000e-01  -4.45478596903000e-01   1.82534061528145e-01
-1.54298642564000e-01  -4.70501862549000e-01  -8.68803732865000e-01   5.02292491682959e-02
 8.58694069398000e-01  -4.71641101903000e-01  -2.00497297182000e-01  -1.78861294511770e-01
-7.84165041337000e-01  -2.08752748051000e-01   5.84386411654000e-01  -6.49525529758198e-02
-9.04569762832000e-01   2.00898103100000e-02   4.25852020886000e-01   3.47183290538217e-03
