 0.00000000000000e+00   0.00000000000000e+00   1.00000000000000e+00   2.35493098387614e-02
 8.74580237379000e-01   0.00000000000000e+00   4.84880818745000e-01   2.52167787418045e-02
 7.63991052282000e-01  -2.78698235374000e-01   5.81932097097000e-01   2.55430422759150e-02
 3.54654767395000e-01  -4.04354094650000e-02  -9.34122568845000e-01   2.52553919944082e-02
-5.27546158350000e-01   8.49400673415000e-01   1.46132410370000e-02   3.10844387608264e-02
 1.27445846655000e-01  -4.29886265138000e-01   8.93843026049000e-01   3.17816987484934e-02
 9.58718896164000e-01  -1.70916680053000e-01  -2.27256609625000e-01   2.76030004049389e-02
-4.54058183540000e-01   8.71693660746000e-01   1.84340250016000e-01   3.29644409794853e-02
-5.93288374148000e-01  -6.31733103615000e-01  -4.98921026714000e-01   2.96282611178779e-02
-7.06751721852000e-01   3.02682590118000e-01   6.39441360329000e-01   2.58414685926114e-02
 6.69891290476000e-01  -2.43636746224000e-01   7.01346415713000e-01   2.64480829262622e-02
 9.21413823932000e-01  -2.73911898937000e-01   2.75624448638000e-01   2.43463625489442e-02
-5.66745550103000e-01   8.32879022460000e-02   8.19672255708000e-01   2.91216920343185e-02
 1.75620972159000e-01   4.23251464231000e-01  -8.88828145461000e-01   2.56348252670227e-02
 2.85570823926000e-01  -1.89615623574000e-01   9.39412167166000e-01   3.03506832242284e-02
-6.06294802976000e-01   1.68921847228000e-01  -7.77092028922000e-01   2.04900945455523e-02
-1.37453815100000e-02   4.91091217562000e-01   8.70999701791000e-01   2.38786731948492e-02
-2.91812287563000e-01   1.38049073530000e-02   9.56375979079000e-01   2.34724212665309e-02
-5.12053152874000e-01  -7.49352381865000e-01  -4.19848277864000e-01   1.81054736117586e-02
 6.94681553406000e-01   7.13064423716000e-01   9.46396692050000e-02   2.12368070704702e-02
 7.38172529881000e-01  -5.79438066120000e-01  -3.45474809010000e-01   2.76415795892291e-02
 7.09326592465000e-01   5.74744704092000e-01  -4.08073903038000e-01   2.26845103384400e-02
 5.61019346860000e-02   9.93745619199000e-01  -9.65516299550000e-02   2.15891307716877e-02
 6.38619703214000e-01  -6.00332326098000e-01  -4.81420785705000e-01   2.86782346631057e-02
-8.80548305443000e-01   5.87952277460000e-02   4.70295442223000e-01   2.35229107477950e-02
-5.88997387066000e-01   4.32016043291000e-01   6.82967214710000e-01   2.67149629784037e-02
 6.73645802844000e-01   4.82894567626000e-01  -5.59476691979000e-01   3.01479570115598e-02
 1.45294964218000e-01  -9.65787860200000e-02   9.84663349305000e-01   2.36879304228364e-02
 7.46506854639000e-01  -4.68136884288000e-01  -4.72837576284000e-01   2.08380734202309e-02
-3.12822222326000e-01   3.42487365167000e-01   8.85914590646000e-01   2.78697767598079e-02
 6.98320043770000e-01   3.75773735622000e-01   6.09215246104000e-01   2.37334102271728e-02
 2.04883892956000e-01   9.64997296270000e-01  -1.63715633339000e-01   3.11127036692228e-02
 6.57350200815000e-01  -4.04730336304000e-01   6.35676071882000e-01   2.76885873390578e-02
-8.97002660342000e-01   4.41135520600000e-02  -4.39818396458000e-01   3.88475382691074e-02
-2.53772362243000e-01  -9.07115130446000e-01  -3.35770350504000e-01   2.09448260469567e-02
-5.57617826537000e-01  -7.54130030183000e-01   3.46915345731000e-01   2.40386587673322e-02
 8.42856009355000e-01   4.51570755724000e-01   2.92707362512000e-01   2.71616445321230e-02
-8.91657917806000e-01  -1.00461359973000e-01   4.41422329256000e-01   2.92172848587889e-02
 4.31917259533000e-01   8.75384729354000e-01   2.17138335011000e-01   2.15302011844617e-02
 7.80283720411000e-01  -5.38922131740000e-02  -6.23099466395000e-01   2.63642284385390e-02
-9.30483303237000e-01   2.77137241059000e-01  -2.39574147219000e-01   3.51526529745137e-02
 8.73165886108000e-01   4.71280246248000e-01   1.24403636739000e-01   2.20236272200351e-02
-6.83985939160000e-01   4.74448223734000e-01   5.54131859784000e-01   2.43356058792801e-02
 1.85309591492000e-01   8.58151301793000e-01  -4.78786694189000e-01   2.32601293112022e-02
 1.88993123451000e-01  -2.30221005900000e-02  -9.81708501630000e-01   2.65422754253924e-02
 8.76185494472000e-01  -4.75427500017000e-01  -7.91686270250000e-02   2.87754781742615e-02
-7.62182460660000e-01   5.87690610444000e-01   2.71473098221000e-01   2.25172010067918e-02
-9.15709689321000e-01  -4.01612926325000e-01  -1.35211793700000e-02   2.42493077960483e-02
 3.13298487378000e-01   9.42407138248000e-01   1.17101851333000e-01   3.14396436848051e-02
 7.22959267629000e-01   7.59900069850000e-02  -6.86698926887000e-01   2.42454445957318e-02
-4.53620105847000e-01   2.45019317677000e-01   8.56851406917000e-01   2.40370635335649e-02
-7.48403337441000e-01  -5.30735411318000e-01   3.97759183025000e-01   2.64979480516606e-02
 5.62034958658000e-01  -2.04832347943000e-01  -8.01349121471000e-01   2.58537480904669e-02
-3.90700827830000e-02   1.64934976318000e-01  -9.85530305074000e-01   2.67431830451484e-02
 8.00192182607000e-01   1.03090995358000e-01   5.90816991607000e-01   2.51146052107141e-02
 1.12882204412000e-01   9.24675646858000e-01   3.63637946362000e-01   2.78581915916188e-02
 5.00816573373000e-01  -6.44234232939000e-01   5.78052776954000e-01   3.03605425648764e-02
-1.95315553130000e-02  -3.35308347215000e-01   9.41905956365000e-01   2.27860986864951e-02
 1.39388907656000e-01   5.48585272850000e-01   8.24393674669000e-01   2.61521613327172e-02
 5.40102153968000e-01   5.26209303367000e-01  -6.56805475258000e-01   2.25919291648178e-02
-6.67254080265000e-01   5.73174752593000e-01  -4.75649761232000e-01   3.32905400715056e-02
 9.86864561642000e-01   4.72014003640000e-02   1.54500371454000e-01   2.54971508912070e-02
 4.59453972424000e-01  -3.40541491552000e-01  -8.20325264609000e-01   2.89447207318477e-02
-3.72923990900000e-03   9.64139942713000e-01   2.65368166205000e-01   3.01835811932521e-02
-8.23271247015000e-01  -4.89553547801000e-01  -2.87335653328000e-01   3.37413655690121e-02
 9.40136598733000e-01   3.40200271322000e-01   2.01730294030000e-02   2.68317888210124e-02
 5.39964818079000e-01   6.02380226601000e-01   5.87857174692000e-01   2.45484169814554e-02
-4.68329612706000e-01   1.27944867110000e-01  -8.74241090800000e-01   3.27094262400953e-02
 9.20758763643000e-01  -3.50324580465000e-01  -1.71685723044000e-01   2.72414550697986e-02
 2.45012597894000e-01   2.73511319470000e-01  -9.30139981398000e-01   2.74661852430833e-02
-3.97543828353000e-01   7.86664299583000e-01   4.72353876136000e-01   3.01597715274811e-02
 7.80823243446000e-01   5.91392516953000e-01   2.01419843577000e-01   2.91739516910853e-02
-5.07700655907000e-01   7.97188316984000e-01   3.26696849167000e-01   2.69231977517043e-02
-1.56339797262000e-01   3.85589324180000e-02  -9.86950392129000e-01   2.19204068303975e-02
-1.96504821550000e-02   6.30845389544000e-01   7.75659688937000e-01   2.80752093704570e-02
 6.70883562301000e-01   5.20859287747000e-01   5.27845477581000e-01   2.75845956632744e-02
 4.11708048294000e-01  -4.39685368347000e-01   7.98231332279000e-01   3.03216565117027e-02
 1.43419176759000e-01  -9.73339022567000e-01   1.79003035970000e-01   2.65882061668767e-02
-4.81219797190000e-02  -2.79214200751000e-01  -9.59022265209000e-01   3.09614699215538e-02
-2.25875814863000e-01  -7.02916248181000e-01   6.74454493871000e-01   2.91826998518449e-02
-6.57123424630000e-01  -7.37646073182000e-01  -1.55135668119000e-01   2.20781027348264e-02
-3.88586445133000e-01   4.25085231508000e-01  -8.17498085999000e-01   3.11272629065011e-02
 7.85028167336000e-01   4.16686378778000e-01   4.58370197797000e-01   2.69356191315524e-02
 2.46455857045000e-01  -8.83495266551000e-01  -3.98366193985000e-01   2.64395726129168e-02
-5.94492757087000e-01   7.87264231717000e-01   1.63686869451000e-01   1.90950700371544e-02
-9.76676400245000e-01   1.17586023703000e-01   1.79657274370000e-01   2.38496103933147e-02
-5.19574217670000e-02  -8.97446605665000e-01   4.38052526878000e-01   2.26093692389988e-02
 8.40974046922000e-01  -1.57012635105000e-01   5.17793090743000e-01   2.29887257415487e-02
-1.20366404230000e-01   9.79689526129000e-01   1.60375687452000e-01   1.37270979195255e-02
 2.76118663216000e-01   9.16407091993000e-01   2.89752524698000e-01   2.85607659098897e-02
 6.92346567992000e-01   6.75447453730000e-02   7.18396782539000e-01   2.52390869382224e-02
 7.56020493550000e-01  -4.28574245741000e-01   4.94729349463000e-01   2.48933335571308e-02
-5.43816257361000e-01   7.01198881741000e-01   4.61068331677000e-01   2.26179550436325e-02
-1.30490027609000e-01   8.58032744161000e-01  -4.96741545115000e-01   2.90920248672451e-02
 6.31790859678000e-01  -4.80715700789000e-01  -6.08072959967000e-01   3.02836935498742e-02
 4.49773257800000e-03   7.18057053891000e-01  -6.95969710375000e-01   2.63416194300761e-02
-1.68263954934000e-01  -2.44216909282000e-01   9.55010650564000e-01   2.39485094320058e-02
-3.60576159192000e-01  -9.24744712323000e-01   1.21786905919000e-01   2.68894593034022e-02
-9.68892249665000e-01  -1.66944802875000e-01  -1.82694393269000e-01   2.01807527831633e-02
 5.00504039374000e-01  -4.77055997286000e-01  -7.22435659435000e-01   2.55837701382850e-02
 4.89735611383000e-01   7.26737819377000e-01   4.81675381175000e-01   2.54526992293381e-02
-5.80481357271000e-01   9.52415785500000e-03  -8.14217835888000e-01   2.54357056315835e-02
-1.23840318850000e-01   6.35008042072000e-01  -7.62514499489000e-01   2.66606571387073e-02
 9.95534228851000e-01  -8.41161052800000e-02   4.28495042910000e-02   2.60538830233885e-02
-7.86133393809000e-01   5.90556806678000e-01  -1.82310025025000e-01   2.34264138445192e-02
 9.67317918241000e-01   2.33005521021000e-01  -1.00022358615000e-01   2.42577382917228e-02
 3.03713469991000e-01   6.67388408694000e-01  -6.79963852044000e-01   2.29180419025314e-02
 1.68267715646000e-01   7.69392287556000e-01  -6.16215452355000e-01   2.92577623377778e-02
-9.52282619420000e-02   3.26990053968000e-01  -9.40217572019000e-01   2.43142605776240e-02
-8.44862545178000e-01   2.15726586776000e-01   4.89560332863000e-01   2.27676658478177e-02
-5.58866882408000e-01   7.68676799361000e-01  -3.11133067788000e-01   3.62998299891320e-02
 5.73363394533000e-01   4.62058201459000e-01   6.76577147319000e-01   2.67498265889286e-02
-8.28060596561000e-01  -2.72514061684000e-01  -4.89950747124000e-01   2.90350762332294e-02
 9.18098999212000e-01  -1.35720612373000e-01   3.72389772985000e-01   2.63602720829807e-02
-7.83049685826000e-01   5.25624243436000e-01  -3.32494126626000e-01   3.48160618663330e-02
 4.09585220885000e-01  -1.94406599803000e-01  -8.91317014751000e-01   2.47341556125382e-02
 9.75696943340000e-01   8.94294848640000e-02  -2.00044600011000e-01   2.62531442193910e-02
 6.29349532467000e-01  -7.04323472087000e-01  -3.28401602692000e-01   2.16725802103313e-02
-6.14300278410000e-01   3.27460601219000e-01  -7.17916932935000e-01   3.22679663290162e-02
 2.03194189190000e-02   4.39343694945000e-01  -8.98089215461000e-01   2.48116942859084e-02
-2.77651055059000e-01   8.67975311886000e-01  -4.11738690897000e-01   2.75701710136918e-02
-6.98975225984000e-01   3.21224699300000e-03   7.15138668323000e-01   2.34170040089560e-02
 2.99322065704000e-01   1.17679499859000e-01  -9.46867380521000e-01   2.58554365197493e-02
 3.38881200990000e-01   9.38961926966000e-01  -5.92455173410000e-02   2.37329348047655e-02
-3.24859297500000e-02  -9.86023822073000e-01   1.63406507438000e-01   2.26216858333878e-02
-3.15874392002000e-01   4.93834191135000e-01   8.10155022291000e-01   2.46228945405302e-02
-4.79330781450000e-02  -6.80591642114000e-01  -7.31093316002000e-01   1.78111050851134e-02
 1.30292670346000e-01  -8.82810242427000e-01   4.51298012316000e-01   2.50918513740407e-02
 2.44652295008000e-01  -1.77796092993000e-01  -9.53170396028000e-01   2.83367855472692e-02
-1.04750752217000e-01  -5.43513214898000e-01  -8.32838919084000e-01   3.12973549924133e-02
 5.95287474765000e-01   9.18624241540000e-02  -7.98244397047000e-01   2.65398383974878e-02
-4.90757193942000e-01  -3.12514004104000e-01  -8.13321814433000e-01   1.45186004637826e-02
-2.45475849823000e-01   3.81004223452000e-01  -8.91390704947000e-01   2.60286351432696e-02
-7.15335567085000e-01   7.20851237040000e-02  -6.95053063733000e-01   3.75886656878999e-02
 3.00655820893000e-01  -9.46882741496000e-01  -1.14101495263000e-01   2.82918309207923e-02
-6.57984689721000e-01  -4.97375518740000e-01  -5.65396976867000e-01   2.95380467166724e-02
 5.46840475096000e-01  -3.49471721210000e-01   7.60812073295000e-01   2.33471191832229e-02
-5.54413990720000e-02  -8.76246046947000e-01  -4.78663886750000e-01   2.27238652905246e-02
 3.83196333748000e-01  -5.96125719058000e-01  -7.05545673136000e-01   3.07502973521832e-02
-3.00156678353000e-01  -9.13863678649000e-01   2.73421186610000e-01   2.36546432391739e-02
-7.38774264191000e-01  -6.62644428495000e-01   1.22942864589000e-01   2.28005797081899e-02
-9.22720685778000e-01  -2.96694574654000e-01   2.46087109390000e-01   2.61753563878279e-02
 1.29451250904000e-01   6.78809569449000e-01   7.22813905555000e-01   2.48448650879444e-02
 1.97916002235000e-01  -7.85047659226000e-01   5.86966292732000e-01   2.24222029133433e-02
 2.98176198683000e-01  -8.35332271750000e-01   4.61855984386000e-01   3.03371786762474e-02
 1.26368252935000e-01  -3.05076099506000e-01  -9.43906583387000e-01   2.52993579146617e-02
-7.62827443867000e-01  -6.44316348111000e-01  -5.43206631090000e-02   2.90188992861889e-02
 6.77283619293000e-01  -6.79820035617000e-01   2.81303427302000e-01   2.31226219450307e-02
 5.55906623769000e-01  -7.02367140300000e-03   8.31215070659000e-01   2.61300432173746e-02
-8.98521753484000e-01  -4.14289595049000e-01   1.44992378934000e-01   2.68207096401716e-02
 5.72273493288000e-01   8.05153590780000e-01   1.55662275883000e-01   3.13465814753940e-02
-8.71016261519000e-01   3.34222381072000e-01   3.60036209511000e-01   2.36095958346859e-02
-3.17215074146000e-01  -7.79515150831000e-01   5.40121029362000e-01   2.56116757274847e-02
 7.98200219974000e-01   6.01610527897000e-01   3.06786824550000e-02   2.72181316044630e-02
 9.31189960025000e-01  -3.64059366604000e-01   1.86020411730000e-02   2.22395830437368e-02
-4.02118405808000e-01  -8.51420067394000e-01  -3.36726382318000e-01   2.93295482233967e-02
 3.04306316808000e-01   3.26303214735000e-01   8.94943505258000e-01   2.83311046816254e-02
 8.13119509496000e-01   1.40066674312000e-01  -5.64993796448000e-01   2.60823403871327e-02
 1.37241343124000e-01  -2.68156121957000e-01   9.53549740703000e-01   2.42140358956011e-02
-1.03507817347000e-01  -1.22794109811000e-01  -9.87019624093000e-01   2.67058282537642e-02
 6.04772879040000e-02  -5.68991105688000e-01  -8.20116832711000e-01   2.53879825808322e-02
 3.25523647641000e-01   7.72441306287000e-01  -5.45315306193000e-01   2.55068431328847e-02
 4.54113109694000e-01   1.03890570419000e-01  -8.84866110201000e-01   2.58502321032423e-02
 8.13636001688000e-01   5.04590653536000e-01  -2.88764140990000e-01   3.20816099592109e-02
-4.04209180038000e-01  -6.66990226403000e-01   6.25890546865000e-01   2.26887432417468e-02
-7.16522660404000e-01  -5.72739153126000e-01  -3.98202385231000e-01   1.71540452619342e-02
 8.69518111098000e-01  -3.41357628700000e-03  -4.93889260837000e-01   2.80701339679153e-02
 8.04375144991000e-01   2.63917579332000e-01   5.32285766709000e-01   2.74873827617616e-02
 6.69254525239000e-01   6.94109550682000e-01   2.65160917366000e-01   2.58917940189128e-02
 5.94948880165000e-01   8.03532053572000e-01  -1.92890869050000e-02   2.46627052685185e-02
-2.09181896743000e-01  -8.48307069181000e-01  -4.86434014491000e-01   2.81545015215090e-02
 2.26390639324000e-01  -9.73519659302000e-01   3.17293457150000e-02   2.23232849563922e-02
-2.90432886382000e-01   1.87732453319000e-01   9.38299133794000e-01   2.62342908432263e-02
-1.97807685823000e-01  -9.70823803780000e-01   1.35548004200000e-01   2.72273260128220e-02
-8.57615901078000e-01   3.66390870273000e-01  -3.60905384276000e-01   2.43326364066165e-02
 1.22159287223000e-01  -9.85188492252000e-01  -1.20335960043000e-01   2.81918945227034e-02
 7.64084665280000e-02   2.87600834053000e-01  -9.54697599502000e-01   2.59772338963153e-02
-7.18777987061000e-01   6.81298354977000e-01   1.38530707144000e-01   3.19053203456404e-02
-8.52987892877000e-01  -5.06818105294000e-01  -1.24687861281000e-01   2.33945851045273e-02
-5.51739711511000e-01  -5.84974465169000e-01   5.94464604364000e-01   2.87364682625773e-02
-7.12131503414000e-01  -1.59305057816000e-01   6.83732857482000e-01   2.76575944651804e-02
-6.79621088826000e-01   6.56528293366000e-01  -3.27239630290000e-01   1.68207914838577e-02
 3.66687364819000e-01  -8.89616495853000e-01  -2.72255150159000e-01   2.67130665680929e-02
-2.73679028594000e-01  -8.48055161180000e-02  -9.58075056425000e-01   3.23031401194800e-02
 1.98932123896000e-01   9.23687689297000e-01  -3.27455436240000e-01   2.40794895371658e-02
-2.57506327730000e-01  -9.65858089187000e-01  -2.84366441530000e-02   2.37724953421427e-02
 2.27614960497000e-01   8.61990089277000e-01   4.52950897721000e-01   2.15513434903192e-02
-7.16210873520000e-01  -3.45591759428000e-01  -6.06307117283000e-01   1.56385838091051e-02
-4.09722837116000e-01   9.02859925485000e-01  -1.30273372945000e-01   3.93747036355264e-02
 8.15657142200000e-03  -4.28343157952000e-01  -9.03579332089000e-01   2.11799971300438e-02
-8.73419566351000e-01   4.40519098443000e-01  -2.07560075694000e-01   1.99799858396802e-02
-2.70909963503000e-01   5.41304987362000e-01  -7.95987878257000e-01   2.22438932881729e-02
-2.31213739031000e-01  -8.78041590017000e-01   4.19026458692000e-01   2.67757117756975e-02
 1.51754808971000e-01   4.06019633059000e-01   9.01176195605000e-01   2.58093111905789e-02
 9.46939014431000e-01   1.79488907795000e-01   2.66627520947000e-01   2.61244483694288e-02
 1.88421571784000e-01   9.82007414967000e-01   1.25995332130000e-02   2.40593754582246e-02
-2.54495853687000e-01   9.60920333531000e-01  -1.08921866778000e-01   1.42210184029087e-02
-5.50637287044000e-01   8.20787734430000e-01  -1.52006819340000e-01   1.58594302817827e-02
-5.22617663777000e-01   4.58047863157000e-01  -7.19070881461000e-01   2.09465217525152e-02
 1.78926354787000e-01  -4.49095122124000e-01  -8.75385018633000e-01   3.01796293164491e-02
 2.98094374270000e-01  -3.26650056914000e-01  -8.96905504692000e-01   2.45278717897135e-02
-3.31746721645000e-01  -3.59944948863000e-01  -8.71999854625000e-01   3.36462628857619e-02
-6.00846974427000e-01  -2.62624777683000e-01   7.54990820785000e-01   2.40425217118316e-02
-6.72641381529000e-01   5.98551442008000e-01   4.35074411019000e-01   2.92278106297455e-02
-1.40358347167000e-01   7.61330880082000e-01  -6.32988803546000e-01   2.56995382270435e-02
 9.64402421637000e-01  -2.38696054019000e-01   1.13807569768000e-01   2.65688973762651e-02
 3.44851939520000e-02   9.95752109367000e-01   8.53727596430000e-02   3.44707257044164e-02
-4.11158666107000e-01   5.75755324284000e-01  -7.06720848599000e-01   2.62025881425462e-02
-4.29722186710000e-01   6.88937959275000e-01  -5.83697978854000e-01   2.71957616366857e-02
 2.06819349873000e-01  -9.45088172559000e-01  -2.53049605033000e-01   2.23016661509295e-02
-8.08275363180000e-01  -5.44484606361000e-01   2.24114815914000e-01   2.60358242076535e-02
 1.57143767920000e-02   4.69926362400000e-03  -9.99865478594000e-01   2.82785422649646e-02
-6.78870640897000e-01  -4.87380645064000e-01   5.49176437718000e-01   2.49192179178684e-02
 4.88603624360000e-02   9.63470090299000e-01  -2.63321191859000e-01   2.44617027400433e-02
-5.28227463691000e-01  -8.12117789699000e-01  -2.47871826266000e-01   2.44193813349002e-02
-1.65284133944000e-01   4.22549136109000e-01   8.91141617612000e-01   2.76379417006378e-02
-8.04948312964000e-01  -2.80527263550000e-02  -5.92681413577000e-01   2.49634785842434e-02
-4.55963746808000e-01   4.02485393136000e-01   7.93790003659000e-01   2.53977522459489e-02
-2.20607773617000e-01  -2.45096930979000e-01  -9.44065519254000e-01   1.84123100923010e-02
 6.01374094347000e-01   7.11381466421000e-01  -3.63710885018000e-01   3.03654428598392e-02
-9.17496655455000e-01  -3.49976857955000e-01  -1.88986999882000e-01   2.92164268649673e-02
 8.87594539201000e-01   1.54916718849000e-01   4.33793434945000e-01   2.64633787780263e-02
 4.32710087427000e-01   5.36994774505000e-01   7.24153707712000e-01   2.61954385037906e-02
-9.24435617392000e-01   1.75346606761000e-01   3.38633071028000e-01   3.11314446526162e-02
 1.48394060993000e-01   6.58854871645000e-01  -7.37488617384000e-01   2.32956798052740e-02
-4.64093146295000e-01  -8.51694459512000e-01   2.43380564547000e-01   2.80445316278169e-02
-3.04125581303000e-01   6.33972884278000e-01   7.11045717797000e-01   2.77251039220738e-02
 6.15468474611000e-01  -7.73735504642000e-01   1.50106380996000e-01   2.51895559299330e-02
-3.51958422436000e-01   2.53728308700000e-01  -9.00970151692000e-01   2.28193830075374e-02
-1.53502771088000e-01  -8.19848156673000e-01   5.51621155566000e-01   2.66091363111439e-02
 3.91292680481000e-01  -7.20490160813000e-01  -5.72524205928000e-01   2.95813813906659e-02
-5.55435383108000e-01   6.90628400677000e-01  -4.63167299546000e-01   1.96686264022087e-02
 9.49042636955000e-01  -2.62038064920000e-02  -3.14056418128000e-01   2.70468484563413e-02
 3.91269402471000e-01   6.70407170953000e-01   6.30446254509000e-01   2.66318878905334e-02
-1.00011898698000e-01  -9.94930798707000e-01  -1.05036138510000e-02   2.77255337530975e-02
-7.81356079900000e-03  -1.72577949337000e-01   9.84964872303000e-01   3.07912941077031e-02
-4.26213665925000e-01   9.74276363030000e-02   8.99360754460000e-01   2.61041891665429e-02
-4.26998559610000e-01   6.78170090695000e-01   5.98128379345000e-01   2.58718113313210e-02
 3.48939138447000e-01   9.07658516370000e-01  -2.33232706370000e-01   2.27013516895708e-02
-1.02887141740000e-01   9.76166419078000e-01  -1.91084688891000e-01   3.40096886429993e-02
-4.55058254266000e-01  -5.76574929840000e-02   8.88593044496000e-01   2.31214564753716e-02
-1.25940761465000e-01   4.96288128385000e-01  -8.58974399051000e-01   2.75499143279231e-02
 3.46848190789000e-01  -4.66342271792000e-01  -8.13769757417000e-01   2.34546768691708e-02
 5.96540144583000e-01  -6.74592751150000e-01   4.34815450503000e-01   2.45419994158098e-02
 2.91653349919000e-01  -1.25290539610000e-02   9.56442024531000e-01   2.46415209197672e-02
-4.32564681203000e-01  -4.65454913749000e-01  -7.72165474392000e-01   3.11867139238788e-02
 7.73869118558000e-01  -6.98878334530000e-02   6.29477782037000e-01   2.99473210711993e-02
 5.62403681200000e-02  -9.51192888205000e-01  -3.03428921533000e-01   2.77326654110636e-02
-5.83250727015000e-01  -4.08554507256000e-01  -7.02069657540000e-01   3.26033196871357e-02
 8.71905342954000e-01   3.60221402171000e-01  -3.31695062288000e-01   2.03197690145675e-02
-3.87529460748000e-01   9.21198340593000e-01   3.48501699040000e-02   1.39518208335708e-02
-8.65401612946000e-01   4.98575935583000e-01  -5.00208433350000e-02   3.42056071786590e-02
-6.55012501637000e-01   7.55585615253000e-01  -7.00005150300000e-03   2.59923534511673e-02
 7.83547126616000e-01  -6.19821017441000e-01  -4.33105842820000e-02   2.46965247372977e-02
-4.72502075564000e-01  -3.69239478984000e-01   8.00252457508000e-01   2.86766707412290e-02
-8.75147334174000e-01  -1.16937703428000e-01  -4.69513276708000e-01   1.68972780867739e-02
-3.65506635633000e-01  -6.08024999282000e-01  -7.04776914745000e-01   2.88279524440211e-02
 3.04648005390000e-02  -8.22925186371000e-01   5.67332383673000e-01   3.05726973471259e-02
-8.27562954403000e-01   5.50382962810000e-01   1.10535744208000e-01   2.22007367501476e-02
-2.04383678185000e-01   2.04451485438000e-01  -9.57301886655000e-01   2.88920917485373e-02
-5.22498852930000e-02   9.03205122509000e-01   4.26016966987000e-01   1.85113366680204e-02
 8.13721256443000e-01  -1.89802554300000e-01  -5.49393035262000e-01   2.29870258213796e-02
-9.49459752062000e-01   1.47902378560000e-02   3.13540153854000e-01   2.40295619839376e-02
-4.53102154720000e-01   5.44613752292000e-01   7.05757960070000e-01   2.60921311349764e-02
 2.78621754785000e-01   6.22574843062000e-01   7.31280030185000e-01   2.56997013218551e-02
-9.87554407667000e-01  -5.47995766130000e-02   1.47422177099000e-01   3.14018932876151e-02
-7.09227162524000e-01  -3.23079978624000e-01   6.26590902703000e-01   2.66910299919585e-02
-3.25079423456000e-01  -3.03600554782000e-01   8.95628311065000e-01   2.23915001187119e-02
-1.11333992150000e-01   8.20791595481000e-01   5.60273057517000e-01   3.05640284389978e-02
-7.22478686802000e-01   2.37661306453000e-01  -6.49262389587000e-01   1.82864395206017e-02
-4.04117088000000e-04   3.40841689962000e-01   9.40120619428000e-01   2.89756964714491e-02
-3.27348939216000e-01  -4.52191984101000e-01   8.29677697367000e-01   2.50960260941295e-02
-8.38407466699000e-01  -5.42669443203000e-01   5.08212081450000e-02   2.70560527677106e-02
 5.09298624554000e-01  -5.39485983300000e-02  -8.58897234694000e-01   2.71632084347378e-02
 2.02151326498000e-01   7.65033115661000e-01   6.11440244944000e-01   2.83867456027443e-02
-6.43336394446000e-01   7.02386734502000e-01   3.04583582579000e-01   2.76470692731380e-02
 5.50247919891000e-01   2.49739390167000e-01  -7.96779432249000e-01   2.40961621322516e-02
-5.41245463614000e-01  -1.52956744892000e-01  -8.26835885959000e-01   3.46168235102265e-02
 1.50181451028000e-01   7.86579601790000e-02   9.85524457874000e-01   2.96003447647074e-02
-6.82360650242000e-01  -8.83743188340000e-02  -7.25654134400000e-01   1.55111442369023e-02
 5.03214582138000e-01  -8.08239920571000e-01  -3.05815818948000e-01   2.89942197634607e-02
 7.12977900835000e-01   6.52907925713000e-01  -2.55682915860000e-01   2.51501393662005e-02
 7.27262186280000e-01  -3.41873841128000e-01  -5.95157113005000e-01   2.56183052204059e-02
 8.27467686131000e-01  -3.24590360436000e-01  -4.58190273054000e-01   2.92963297213927e-02
-3.76233757840000e-02  -9.85903440232000e-01  -1.63030328875000e-01   2.23654292308489e-02
-2.75837373746000e-01  -7.36795129274000e-01  -6.17289786666000e-01   1.87954358281189e-02
 5.77079023848000e-01   1.56539433268000e-01   8.01545510914000e-01   2.62600467413939e-02
 4.53347163543000e-01  -7.64989259526000e-01   4.57457956666000e-01   2.29440685797670e-02
 8.77832642827000e-01   3.05660000146000e-01   3.68757122641000e-01   2.40817853963675e-02
 5.39490985771000e-01   7.77724974208000e-01   3.22634996187000e-01   2.45471513156674e-02
 9.96383931966000e-01   8.20282415560000e-02  -2.21456024230000e-02   2.87281762221179e-02
 9.72751888053000e-01  -2.22567711408000e-01  -6.49413437480000e-02   2.79497123110278e-02
-6.68344521893000e-01   4.31513370269000e-01  -6.05897525441000e-01   2.62841806325327e-02
-8.19784875851000e-01   1.32640207121000e-01  -5.57099033190000e-01   1.78284358339843e-02
 2.97677581893000e-01   1.62663869844000e-01   9.40706395580000e-01   2.52743868530304e-02
 3.63064015240000e-02   5.75764097038000e-01  -8.16809371745000e-01   2.64299934670983e-02
-8.06826376159000e-01  -3.94888176370000e-02   5.89467413871000e-01   2.62788541718008e-02
-9.13655769631000e-01   3.98481924564000e-01   8.02825660830000e-02   2.21881885797783e-02
-3.86474182276000e-01  -2.02809863886000e-01  -8.99725438978000e-01   2.72705456202046e-02
 4.24530876170000e-01  -1.01529278247000e-01   8.99702918100000e-01   2.39462482938782e-02
 5.41342205750000e-01  -8.40745590777000e-01   9.77076570300000e-03   2.90997232412765e-02
 7.11855455221000e-01  -6.77280835297000e-01  -1.85882976658000e-01   2.96127747075744e-02
-1.68935679893000e-01   5.69220209139000e-01   8.04642212146000e-01   2.50564349552412e-02
-2.96352249448000e-01   9.34080993160000e-01   1.99168377171000e-01   2.37224862552823e-02
-2.71856528700000e-01  -5.08588845518000e-01  -8.16964756901000e-01   1.61835492608469e-02
-7.98548406769000e-01   2.98529694217000e-01  -5.22685817405000e-01   3.98283977225763e-02
-5.20684660165000e-01  -5.55212049724000e-01  -6.48557680173000e-01   1.66033405595802e-02
 4.71373097579000e-01   7.51974280950000e-01  -4.60805906721000e-01   2.21566595576011e-02
 1.07602834905000e-01  -6.96785889606000e-01  -7.09162219782000e-01   3.23501473161261e-02
 1.56732258040000e-01   9.68962602624000e-01   1.91171321087000e-01   1.89334596872149e-02
-9.49535866394000e-01  -4.72758319490000e-02  -3.10075207241000e-01   1.87669345603365e-02
-4.68639022889000e-01  -2.14947894824000e-01   8.56840048513000e-01   2.61962716623024e-02
 2.33598075292000e-01   5.44804593362000e-01  -8.05369414785000e-01   2.93029083109541e-02
-7.83232856607000e-01   4.80038390945000e-01   3.95106865988000e-01   2.34827580265053e-02
 3.38147593111000e-01   4.10142555715000e-01  -8.47017880133000e-01   2.23441074502530e-02
 4.57493759160000e-01  -8.79268207503000e-01  -1.32615533045000e-01   2.29781576667563e-02
-8.89616894501000e-01   2.08460553937000e-01  -4.06356959421000e-01   1.85223790022545e-02
 9.03465792571000e-01  -2.83605323639000e-01  -3.21430524464000e-01   2.08828695132690e-02
-7.82629077034000e-01   3.56952856857000e-01   5.09976848261000e-01   2.83402367594724e-02
-8.46680090455000e-01  -4.19774350030000e-01   3.26989784984000e-01   2.44055706024052e-02
-9.16995456640000e-02   9.95475000898000e-01  -2.49141709190000e-02   2.26445353500440e-02
-9.20045221870000e-01  -2.07763002120000e-01  -3.32191698668000e-01   3.75268884082269e-02
-2.76256333445000e-01   6.74120367177000e-01  -6.85013991674000e-01   2.79371121419363e-02
 3.92494771624000e-01  -5.89001699190000e-01   7.06416911320000e-01   2.14269318291024e-02
 4.73042141452000e-01  -8.64138399331000e-01   1.71743876780000e-01   2.28394203332797e-02
-7.60171564535000e-01   4.43405295466000e-01  -4.74900975389000e-01   1.36629514908393e-02
 3.53067364150000e-02   9.07027474513000e-01  -4.19588601898000e-01   3.11042433317564e-02
-1.30628717121000e-01  -9.46497360640000e-01   2.95091315637000e-01   2.79205363382824e-02
-4.33885023944000e-01  -3.96958614880000e-02  -9.00093342147000e-01   1.87840510116505e-02
-2.36495010332000e-01   9.70349551698000e-01   4.99185096720000e-02   3.93481175325157e-02
 4.49732215083000e-01   6.57904317755000e-01  -6.04071885951000e-01   3.00515166752260e-02
-7.65102172476000e-01  -1.84627752367000e-01  -6.16872157525000e-01   3.37646731378429e-02
 8.35712175769000e-01  -4.33211835058000e-01   3.37509503921000e-01   2.39796283787318e-02
 6.04540603231000e-01   7.72314397197000e-01  -1.95092621408000e-01   2.23084785432721e-02
-4.20954387539000e-01   8.59847099009000e-01  -2.88895084656000e-01   1.69872412848789e-02
-3.14406783780000e-01  -1.47301116656000e-01   9.37790357887000e-01   3.05766532215362e-02
-6.37353643338000e-01  -6.98725391130000e-01  -3.24904849323000e-01   3.43079995544906e-02
 8.07666465084000e-01   5.71491491283000e-01  -1.45163206668000e-01   2.05483572837184e-02
 7.10408713105000e-01   6.98910161382000e-01  -8.27287535380000e-02   3.09294654606318e-02
 3.39462818301000e-01   7.77503831512000e-01   5.29389069565000e-01   2.44315819214485e-02
 8.14118652947000e-01  -5.43728594600000e-01  -2.03887307938000e-01   2.14012651350759e-02
-1.79538505163000e-01  -5.54822320020000e-01   8.12365754061000e-01   2.12261687851253e-02
-4.26096451971000e-01   7.90150667842000e-01  -4.40572055091000e-01   2.91825632575267e-02
-6.70317946075000e-01   1.62833384341000e-01   7.23988356338000e-01   2.30283920710948e-02
 2.24872267501000e-01  -8.06377709875000e-01  -5.46980303417000e-01   2.88471478251085e-02
 8.80002478019000e-01   4.72718722992000e-01  -4.61805977910000e-02   2.69216596287044e-02
-3.16242502586000e-01  -5.92080435232000e-01   7.41236425018000e-01   2.76780084803620e-02
 2.45184135970000e-01  -6.58268136500000e-01   7.11735765532000e-01   3.11063922069242e-02
-4.84949768684000e-01  -7.21769783447000e-01   4.93834083025000e-01   2.80284543172892e-02
 4.46494818664000e-01   3.93085073441000e-01   8.03819943734000e-01   2.53915863998663e-02
-1.15524337980000e-01   9.30168440320000e-01  -3.48483572020000e-01   1.87553993705299e-02
 3.92589369658000e-01  -9.19277705752000e-01   2.83211323670000e-02   2.61048596364244e-02
 7.33897355560000e-02   8.48180932294000e-01   5.24597991616000e-01   3.05261117713509e-02
-2.67207809713000e-01   9.27072599359000e-01  -2.62937981179000e-01   3.02317277558742e-02
 6.23385026563000e-01   6.54079482640000e-01   4.28452026540000e-01   2.74665189674309e-02
 2.57762764043000e-01  -7.02425462995000e-01  -6.63443159894000e-01   1.90901674050171e-02
-1.63717988961000e-01  -3.98677669272000e-01  -9.02359427343000e-01   2.76350228808787e-02
 9.35420202850000e-01   2.27930779351000e-01  -2.70252851834000e-01   2.82164103492679e-02
-9.97658690222000e-01   6.57435423900000e-02   1.88394389210000e-02   2.19910899448735e-02
 7.95545397693000e-01  -5.56976616012000e-01   2.38504862477000e-01   2.46448533841689e-02
 7.25452138727000e-01  -5.62664295806000e-01   3.96393850409000e-01   3.00802197241653e-02
 7.83161972877000e-01   4.26465548602000e-01  -4.52531170302000e-01   2.47818530992395e-02
 4.46176466988000e-01   2.38359038028000e-01   8.62618994282000e-01   2.46075727444035e-02
-3.59997853994000e-01  -7.96885106284000e-01  -4.85155307610000e-01   2.68897676998191e-02
-9.64267990141000e-01  -2.59823554906000e-01  -5.17587046360000e-02   2.83662635355967e-02
-7.73652671524000e-01  -4.33176474853000e-01  -4.62406407263000e-01   3.21125102519282e-02
-6.37774222358000e-01  -2.51317848918000e-01  -7.28068252371000e-01   2.92952095540616e-02
 2.26470263111000e-01  -9.19254410803000e-01   3.21997745558000e-01   2.30498955813469e-02
-1.45205422334000e-01   9.58489611250000e-02   9.84747867211000e-01   2.94496928206907e-02
 4.82329554764000e-01   8.22546417206000e-01  -3.01289880585000e-01   2.55585202814202e-02
 4.04398731480000e-01   2.60497283499000e-01  -8.76699966503000e-01   2.69533071986551e-02
-5.65400579819000e-01   5.83070903076000e-01   5.83395668759000e-01   2.63443337084271e-02
-5.78628237530000e-01   2.83582653063000e-01   7.64702714533000e-01   2.73980915172669e-02
 2.76933502268000e-01  -3.60079212335000e-01   8.90870807786000e-01   2.20588297776789e-02
-2.33954205289000e-01   8.58616673344000e-01   4.56117131977000e-01   2.51395685926465e-02
-9.71026422917000e-01   2.33888348623000e-01   4.90298518810000e-02   3.43049175610302e-02
 1.95764827580000e-02   8.25530509321000e-01  -5.64017853887000e-01   2.28539287677465e-02
-7.52583649189000e-01  -6.19321897063000e-01  -2.23736985746000e-01   2.32720867067237e-02
-5.92065111557000e-01  -9.32522187360000e-02   8.00476687592000e-01   2.78526468775388e-02
 7.08886047230000e-02  -1.53078168366000e-01  -9.85668240378000e-01   2.27807231642519e-02
-2.89690135892000e-01   7.81206176554000e-01  -5.52988729434000e-01   2.24309990458435e-02
 2.84143360300000e-03   1.74406064759000e-01   9.84669716621000e-01   2.54706657520089e-02
 4.32406286148000e-01   7.51028630780000e-02   8.98545693695000e-01   2.76229664290024e-02
-7.81629198830000e-01   1.31460043609000e-01   6.09732771360000e-01   3.00735344354631e-02
 9.70505303026000e-01  -1.08039609798000e-01   2.15515427552000e-01   2.56814351616958e-02
-8.62251106633000e-01   4.47204138935000e-01   2.37763511140000e-01   3.29530651554217e-02
 5.17417672689000e-01  -6.07865111981000e-01  -6.02311346087000e-01   2.02366084288649e-02
-4.89468577454000e-01   2.94246088934000e-01  -8.20877427410000e-01   2.29926322377870e-02
 5.41573260956000e-01  -7.81709432204000e-01   3.09239012126000e-01   3.05358951037341e-02
-5.18816200784000e-01  -8.50789758138000e-01   8.35855086160000e-02   2.33030193116531e-02
 5.91993679117000e-01  -7.89311771601000e-01  -1.62881586123000e-01   2.60776404568619e-02
-8.08327303774000e-01  -2.07281715428000e-01   5.51036532747000e-01   2.37715838622219e-02
 7.39726497218000e-01  -6.62345053249000e-01   1.18759167015000e-01   2.93567867348224e-02
 9.75453133285000e-01   2.00041791496000e-01   9.20568651430000e-02   2.45435055836098e-02
 2.25302522711000e-01  -5.81589952384000e-01  -7.81659708918000e-01   2.38422902191522e-02
-4.08369852498000e-01  -9.12136133780000e-01  -3.52382891810000e-02   2.51638306443400e-02
 3.94729746243000e-01   5.42110344929000e-01  -7.41825317276000e-01   2.63553943519737e-02
-9.91096142090000e-02  -9.39124773081000e-01  -3.28971039695000e-01   2.87799917607280e-02
 6.64301304511000e-01  -9.17114600050000e-02   7.41817218005000e-01   2.29800923479389e-02
 3.41552365674000e-01   8.52391336486000e-01  -3.95943166358000e-01   3.02365681700082e-02
-1.49274271365000e-01   7.06047457162000e-01   6.92252974095000e-01   2.64762156935550e-02
-7.68837014806000e-01   6.38966994364000e-01  -2.47148695640000e-02   2.16370899296150e-02
 5.66746774300000e-02  -8.00283215091000e-01  -5.96937816344000e-01   2.50184528329726e-02
-9.48951252255000e-01  -1.43744951094000e-01   2.80764865818000e-01   2.32821339552419e-02
-4.62504768850000e-02  -6.28679598504000e-01   7.76287869165000e-01   3.24660558766079e-02
-4.62088322198000e-01  -5.18223239498000e-01   7.19665933981000e-01   2.37927711644230e-02
 7.00377466269000e-01  -2.02314642778000e-01  -6.84499956217000e-01   2.86173154200192e-02
 5.45472370803000e-01  -1.86608756568000e-01   8.17090609824000e-01   2.78560251817441e-02
 3.84868045286000e-01  -8.12883083987000e-01  -4.37147205739000e-01   2.22901660395364e-02
 6.70489520384000e-01  -7.41681990549000e-01  -1.87517452560000e-02   2.34746522103966e-02
-3.19779716176000e-01   8.09043344740000e-02  -9.44031472879000e-01   2.51788348038583e-02
-8.76387076988000e-01  -2.61600575737000e-01   4.04364724059000e-01   2.54233646889230e-02
 8.52840413467000e-01  -2.98779524631000e-01   4.28245285810000e-01   2.80419113343595e-02
 8.96462100918000e-01  -4.04288712485000e-01   1.81401043477000e-01   2.96373913382456e-02
 1.52951566608000e-01   2.48855294361000e-01   9.56387400973000e-01   2.32335194310160e-02
-7.87897884070000e-01  -3.77698943091000e-01   4.86374786216000e-01   2.74636075769943e-02
-1.76301888766000e-01  -4.02836454428000e-01   8.98131635676000e-01   3.19187780350580e-02
 7.03533288831000e-01   2.24693001342000e-01   6.74206175183000e-01   2.65231070018799e-02
 1.34089663589000e-01   1.34101883062000e-01  -9.81853679057000e-01   2.43601645601895e-02
 3.92780863902000e-01   8.37780227960000e-01   3.79272306650000e-01   2.83002002189344e-02
-9.67158592999000e-01  -2.30472549073000e-01   1.07175837348000e-01   2.57842040272408e-02
-3.96808035496000e-01  -8.28313900799000e-01   3.95524290921000e-01   2.60804418630912e-02
 9.07894411139000e-01   3.81910914748000e-01  -1.72834578191000e-01   2.76056478825430e-02
 7.42240079255000e-01   5.60084269102000e-01   3.67947382449000e-01   2.30379603745993e-02
 5.82882745823000e-01   3.13518466557000e-01   7.49635828753000e-01   2.70077058294366e-02
 9.44907504669000e-01   2.58444211810000e-02   3.26315604154000e-01   2.64957678409594e-02
-9.53486530791000e-01   1.15662569822000e-01  -2.78362363733000e-01   2.28926809395523e-02
 6.84018754552000e-01   2.26334064462000e-01  -6.93463217976000e-01   2.80145370272458e-02
 4.79203972202000e-01   8.68101076076000e-01  -1.29476155110000e-01   3.06024025826039e-02
-6.76707105695000e-01   7.16149460698000e-01  -1.70872593013000e-01   3.25924821492252e-02
-6.15781332247000e-01  -7.64848683785000e-01   1.89261305523000e-01   2.67188414015241e-02
-1.11911072394000e-01  -7.79187029427000e-01  -6.16719940531000e-01   3.17349006255381e-02
-4.45237641170000e-01  -6.85796233134000e-01  -5.75714312402000e-01   3.13193148548347e-02
-5.57871368170000e-01   5.72476550614000e-01  -6.00874475721000e-01   2.77577406588096e-02
-9.36832958386000e-01   3.40476814703000e-01  -8.01220739330000e-02   2.23945901863200e-02
 4.17044289872000e-01  -2.78626104022000e-01   8.65125166922000e-01   2.53281004620827e-02
-6.27594358762000e-01  -6.33879637914000e-01   4.52019828645000e-01   2.40000610927559e-02
-9.94875070934000e-01  -1.00126970466000e-01  -1.40777490870000e-02   2.28253666092572e-02
 8.47665056561000e-01  -5.24191126573000e-01   8.17778375090000e-02   2.42697121354097e-02
-3.67906051868000e-01  -9.10605084150000e-01  -1.88264488739000e-01   2.65754139301863e-02
-9.35607919108000e-01   2.86137868876000e-01   2.06792025227000e-01   2.18173220691922e-02
-2.74064967787000e-01   7.58745189356000e-01   5.90926502250000e-01   2.27824670528325e-02
-5.37015017112000e-01  -8.38657847918000e-01  -9.09279138770000e-02   2.77865250977728e-02
-2.78035057040000e-02  -4.88437572235000e-01   8.72155779147000e-01   2.33790661548453e-02
-3.54289002180000e-01   8.72153401111000e-01   3.37383680495000e-01   2.07554251538762e-02
 4.61674074143000e-01   8.85871142130000e-01   4.57096139370000e-02   2.37613575611775e-02
 3.90685801325000e-01  -8.62213930433000e-01   3.22415481656000e-01   2.48665603702914e-02
 5.30908397214000e-01  -5.04517545872000e-01   6.80880547288000e-01   2.59684393651115e-02
 4.80661896370000e-02  -9.48275097992000e-01   3.13789706559000e-01   2.88290975509044e-02
-1.52396451366000e-01  -7.95875152170000e-02   9.85109714211000e-01   2.43298513815634e-02
-8.69034798728000e-01  -3.52996358610000e-01  -3.46658462190000e-01   1.31555238836244e-02
-1.75962932580000e-01   9.31672956439000e-01   3.17840445189000e-01   3.40927163009670e-02
 3.14138117760000e-01  -9.32334625636000e-01   1.79079280798000e-01   2.95585288268001e-02
 6.36049868876000e-01  -5.47346164848000e-01   5.43923468999000e-01   2.34540708283098e-02
 6.50368885780000e-01  -6.38789117070000e-02  -7.56927867797000e-01   2.44545850038328e-02
 9.91009654750000e-01  -5.44922844150000e-02  -1.22190241557000e-01   2.26603121063110e-02
-9.88949614144000e-01   3.76863149500000e-03  -1.48204109597000e-01   3.58557884042175e-02
 2.66539502288000e-01  -5.16284789096000e-01   8.13883720361000e-01   2.56157850133368e-02
 5.22444501284000e-01  -7.17775619960000e-01  -4.60271552965000e-01   2.71076980766186e-02
 9.74506322260000e-02  -8.86832909571000e-01  -4.51697647527000e-01   2.54296435658853e-02
 6.25266653145000e-01   3.78856688689000e-01  -6.82282362296000e-01   2.42614220212288e-02
-1.48056295973000e-01   2.67768061599000e-01   9.52039704220000e-01   2.26256562436026e-02
 1.13590250665000e-01  -5.79033911842000e-01   8.07351834017000e-01   2.14939929750221e-02
 9.23287839525000e-01   3.29038367744000e-01   1.98174967990000e-01   2.77344506247047e-02
-6.95625526100000e-01  -6.55742086783000e-01   2.93440697689000e-01   2.84803992186081e-02
-7.23936330630000e-02  -7.39892735092000e-01   6.68818288065000e-01   1.97648027209387e-02
 9.13208846629000e-01   1.14993227615000e-01  -3.90929865886000e-01   2.30406128795409e-02
 8.41643188059000e-01  -4.35941297696000e-01  -3.18734888201000e-01   2.94553834097160e-02
 5.87495306315000e-01   6.25348606194000e-01  -5.13603335065000e-01   2.52661965380826e-02
 8.98539803243000e-01  -1.45834090244000e-01  -4.13954876902000e-01   2.66940367218414e-02
 5.78946736460000e-02  -9.97997795164000e-01   2.54677759280000e-02   2.73412156583901e-02
-5.93555466994000e-01  -4.24708610461000e-01   6.83604054846000e-01   2.58614335386075e-02
 9.16194114120000e-02  -7.11674138847000e-01   6.96509729687000e-01   2.47828746274045e-02
 2.98175949090000e-01   4.80029896576000e-01   8.25022667432000e-01   2.55121796757329e-02
 4.87291994013000e-01   4.01528792795000e-01  -7.75448993247000e-01   2.95136603359949e-02
-9.78536129447000e-01   1.72211473178000e-01  -1.13182383226000e-01   2.02362552710891e-02
-2.01359523405000e-01  -9.62497343662000e-01  -1.81805406351000e-01   2.93183761498288e-02
 3.54056373885000e-01  -7.23469843782000e-01   5.92651220575000e-01   2.53329756068558e-02
 1.04643230210000e-02   7.60286957464000e-01   6.49503071782000e-01   2.12428386527207e-02
 7.54593656600000e-01   3.14543402790000e-01  -5.75891362308000e-01   2.44874673008361e-02
 8.54048712159000e-01   2.52998503445000e-01  -4.54524536757000e-01   2.96475674683938e-02
-6.50701337787000e-01  -7.59157718464000e-01   1.63501528350000e-02   2.77470119372341e-02
 6.05037313995000e-01  -3.44827914790000e-01  -7.17651418069000e-01   2.30907764695833e-02
-2.04848053363000e-01  -6.46645539336000e-01  -7.34769910578000e-01   3.11951460976606e-02
