 0.00000000000000e+00   0.00000000000000e+00   1.00000000000000e+00   2.38211702560516e-01
 7.51710288002000e-01   0.00000000000000e+00   6.59493474503000e-01   2.38211748570355e-01
-9.46301615589000e-01   1.11358268319000e-01  -3.03500557512000e-01   2.61695517353100e-01
-4.86900194038000e-01   8.70777020028000e-01   6.83782307220000e-02   2.55340849995227e-01
-5.27391434139000e-01  -7.04015346866000e-01  -4.75626604149000e-01   2.50926277510947e-01
-4.48505119250000e-01  -8.93582998351000e-01  -1.87771953310000e-02   2.50995503451157e-01
-9.74460149410000e-02   9.05378953618000e-01   4.13271369100000e-01   2.61607756531752e-01
 5.50822240063000e-01   7.94124021354000e-01  -2.56830486042000e-01   2.44427201078622e-01
-9.78434783596000e-01  -1.04177496764000e-01   1.78360375132000e-01   2.54876783156165e-01
-8.76905216340000e-01  -4.12324764656000e-01  -2.47033459287000e-01   2.56190963271586e-01
 3.98256992629000e-01   2.61526233542000e-01   8.79201567896000e-01   2.62882247247942e-01
-6.69306929050000e-01  -2.37181230045000e-01  -7.04111709063000e-01   2.58379960860271e-01
 7.64655090996000e-01   4.68957452919000e-01   4.42019794993000e-01   2.67724157550858e-01
-3.47964516179000e-01  -7.92852623440000e-01   5.00305319765000e-01   2.55340924247384e-01
 8.71692511477000e-01  -4.90013429708000e-01  -6.24532957400000e-03   2.64378737990612e-01
 2.93657134005000e-01  -6.40825485714000e-01  -7.09301194491000e-01   2.56190905567321e-01
-7.73116928075000e-01  -5.92554389886000e-01   2.26206787146000e-01   2.55760261010965e-01
-4.75237224640000e-02  -9.12621548355000e-01  -4.06033748945000e-01   2.61695512433602e-01
 7.31266785297000e-01  -4.73959921471000e-01  -4.90521030702000e-01   2.55760251402106e-01
-5.51465127541000e-01   6.34615762534000e-01   5.41432403029000e-01   2.60142188428179e-01
 6.44209073277000e-01  -5.64517671640000e-02  -7.62763310530000e-01   2.50995506770710e-01
 6.92722856447000e-01   4.21884929021000e-01  -5.84934313253000e-01   2.64550024549727e-01
-2.73554241687000e-01   8.59396086145000e-01  -4.31979680046000e-01   2.55760315740093e-01
-6.49898888274000e-01   2.70856029608000e-01  -7.10118614208000e-01   2.50926199584823e-01
 3.61976419280000e-01  -3.44213376481000e-01   8.66308388126000e-01   2.67724089275062e-01
 5.07635190992000e-01  -8.26097527172000e-01   2.44682219352000e-01   2.44427253635359e-01
 2.98735120815000e-01   6.89801932174000e-01   6.59492700460000e-01   2.38211793447156e-01
 6.33927044960000e-02   9.94636647537000e-01  -8.17270114050000e-02   2.64378760779464e-01
 4.74133867863000e-01   8.51450083933000e-01   2.24120123853000e-01   2.55954686246374e-01
-6.79982125717000e-01  -3.37102260841000e-01   6.51142361117000e-01   2.64378829912245e-01
 4.53556145112000e-01  -8.56452647613000e-01  -2.46527251288000e-01   2.54876773471486e-01
-8.18011633003000e-01   1.89869850151000e-01   5.42960779685000e-01   2.44427157848164e-01
-4.71069574854000e-01   9.67142748140000e-02   8.76778081783000e-01   2.55954717181159e-01
 3.08464171700000e-02  -9.90369675350000e-01   1.34968161783000e-01   2.64550004733659e-01
 8.88626055874000e-01   4.55017273936000e-01  -5.74718473800000e-02   2.60142281577026e-01
-2.10335886608000e-01  -5.19928615979000e-01  -8.27908841051000e-01   2.58380002664813e-01
 2.14118410404000e-01   7.56561192454000e-01  -6.17874152557000e-01   2.54876735030528e-01
 2.59533150783000e-01   3.19070821555000e-01  -9.11502251493000e-01   2.61695490646322e-01
-7.08052311545000e-01   6.13587992853000e-01  -3.49530684121000e-01   2.50995601755772e-01
 9.79812177264000e-01  -1.57544226780000e-02   1.99298508400000e-01   2.61607797002011e-01
-2.22340301508000e-01   5.24139262435000e-01  -8.22096602535000e-01   2.56190937731575e-01
 1.67477396774000e-01  -7.58248188324000e-01   6.30088094217000e-01   2.60142232217503e-01
-8.76570276537000e-01   4.68013139928000e-01   1.12197375847000e-01   2.64550072733820e-01
 7.24015897788000e-01  -4.70708128402000e-01   5.04217054061000e-01   2.55954624607260e-01
-1.51937691391000e-01   5.15313805780000e-01   8.43425526948000e-01   2.67724179493366e-01
 2.06742881789000e-01  -2.04177491376000e-01  -9.56853663234000e-01   2.50926282425752e-01
-2.11715623925000e-01  -4.49224190836000e-01   8.67971267355000e-01   2.61607652887237e-01
-2.52573444616000e-01   1.36078894400000e-02  -9.67482031058000e-01   2.58380163508159e-01
 9.47099296608000e-01  -4.22215539400000e-03  -3.20912909943000e-01   2.55340996699031e-01
