 0.00000000000000e+00   0.00000000000000e+00   1.00000000000000e+00   2.11878213555620e-02
 9.86883728705000e-01   0.00000000000000e+00   1.61432667134000e-01   2.56065607881978e-02
-5.40773139260000e-01   5.99383066072000e-01   5.90173154220000e-01   2.47828269609813e-02
-7.81026120016000e-01  -3.68738609331000e-01   5.04013926238000e-01   1.53387731525260e-02
-7.67600463489000e-01   5.14115409992000e-01  -3.82720359611000e-01   1.59572306226425e-02
 1.32740863328000e-01   6.01112900955000e-01   7.88062905806000e-01   2.35656043046827e-02
-7.60957255372000e-01   6.47786115287000e-01   3.62933098280000e-02   3.12388609914660e-02
 6.80426276450000e-01   8.43924138430000e-02  -7.27940933595000e-01   2.89623732145397e-02
 6.66510320589000e-01  -2.49887626495000e-01  -7.02367543864000e-01   2.96254556597717e-02
 3.21233550110000e-02  -7.04588667814000e-01   7.08888495640000e-01   2.95258020742674e-02
 5.38717172108000e-01   8.38467335733000e-01  -8.21969305000000e-02   2.44528138790482e-02
 2.37175976560000e-02   1.66536548600000e-01   9.85749995456000e-01   1.73715079329338e-02
 1.08883555608000e-01  -9.34689299290000e-01   3.38378907603000e-01   1.91032369329179e-02
-3.97122078429000e-01  -5.17754578920000e-02  -9.16304183546000e-01   2.90377365980771e-02
-7.38673982813000e-01  -3.44866734353000e-01  -5.79161188834000e-01   3.65481507507151e-02
-6.58705411310000e-01   7.51479123874000e-01  -3.72331504340000e-02   1.54873306997124e-02
-9.41127262710000e-02  -1.23252173012000e-01  -9.87902675673000e-01   2.35177061579426e-02
-2.84710987033000e-01  -8.05986428024000e-01  -5.18965829034000e-01   1.71869327475986e-02
-2.60259830811000e-01   9.63751893019000e-01  -5.87120870710000e-02   2.06092995104355e-02
 9.59554244867000e-01  -1.30157910814000e-01   2.49628863337000e-01   2.34936221355325e-02
-3.46950803621000e-01  -9.37054340564000e-01  -3.94246458040000e-02   1.97727170155242e-02
 9.66057924065000e-01  -6.74511295870000e-02  -2.49364056086000e-01   1.99023806072987e-02
 9.23454276009000e-01   1.12010798950000e-02  -3.83544959463000e-01   2.48755599415955e-02
-4.29693988697000e-01  -3.29848991296000e-01  -8.40572851702000e-01   2.48479778590018e-02
 8.61754232260000e-01   3.60427738288000e-01   3.57031495325000e-01   2.45559770265854e-02
-2.31613657284000e-01   8.89587448315000e-01   3.93686786113000e-01   2.43255057300231e-02
 1.12724508310000e-01  -8.95757991113000e-01  -4.30012565611000e-01   2.39181087503185e-02
 2.13980957192000e-01  -8.17027833522000e-01  -5.35422888200000e-01   2.92552108463816e-02
-4.10298935826000e-01   1.45392648954000e-01   9.00286488230000e-01   2.90505797608288e-02
 7.50255800068000e-01   2.81072956205000e-01   5.98426459772000e-01   2.51332666165236e-02
 6.90386256418000e-01   5.65711871365000e-01  -4.50928925160000e-01   1.78118523584457e-02
-4.65054874510000e-02  -9.81964790512000e-01  -1.83254985831000e-01   3.53495682391448e-02
 8.96921218624000e-01  -3.92864505803000e-01  -2.02952722727000e-01   3.01858628205842e-02
 3.12641190873000e-01   8.31178606439000e-01   4.59779958205000e-01   2.03973349094087e-02
 4.51295618516000e-01   1.50468783535000e-01   8.79597299842000e-01   2.15621461905645e-02
-6.71000981342000e-01  -1.72886294562000e-01   7.21018732205000e-01   2.14901554774593e-02
-7.03446125147000e-01  -6.83709445970000e-01   1.94177605572000e-01   2.20722064773806e-02
 6.63558104350000e-02   6.81957373680000e-01  -7.28375622124000e-01   2.72005474162819e-02
-5.74781862401000e-01   5.83221699349000e-01  -5.74001968693000e-01   1.69797342253968e-02
-1.99856951979000e-01  -5.10461291057000e-01  -8.36353076803000e-01   2.43759016453699e-02
-5.60090410564000e-01  -8.87231407800000e-02   8.23666762887000e-01   2.66805825556575e-02
-7.69387543699000e-01  -8.90722272380000e-02   6.32541655495000e-01   2.46995657924060e-02
 2.46245193668000e-01  -9.66539970506000e-01   7.18595157910000e-02   8.37485244880263e-03
 9.68986165466000e-01   1.61887319417000e-01   1.86703794677000e-01   2.28789230488624e-02
-2.96325104814000e-01  -8.48251472626000e-01   4.38931511108000e-01   2.46909590230926e-02
 3.74433059498000e-01  -4.42599030760000e-01   8.14804259884000e-01   2.98672153413842e-02
 9.11275952672000e-01  -1.59175381137000e-01  -3.79788541324000e-01   3.02970781468589e-02
-6.52791882650000e-01   6.18690981289000e-01  -4.37131819498000e-01   3.99612656046054e-02
 6.47217199670000e-01   2.82782057050000e-02   7.61780965589000e-01   2.83835061393698e-02
-3.20253742893000e-01   3.61754152903000e-01  -8.75540674681000e-01   1.68496033281471e-02
 4.23427876300000e-01   8.39139125165000e-01   3.41400589029000e-01   2.47320878840219e-02
 7.74972167300000e-01   3.97974640885000e-01   4.90952467275000e-01   2.62890341949940e-02
-6.28753408643000e-01   7.53131225554000e-01  -1.93552339732000e-01   3.22634851665817e-02
-2.32400739818000e-01   8.61727895949000e-01  -4.51015442613000e-01   2.59825780583924e-02
-2.59554067410000e-02  -9.00708574052000e-01   4.33647762003000e-01   2.25234942480463e-02
-5.01351115225000e-01  -4.44337675729000e-01  -7.42435915881000e-01   1.58075574202703e-02
 3.70593921124000e-01  -8.83311215316000e-01   2.87091348743000e-01   7.26089238607438e-03
-8.09097577823000e-01  -5.85866576975000e-01  -4.60593480700000e-02   1.79246803034579e-02
 8.69811912059000e-01   4.90079167273000e-01  -5.70056790580000e-02   2.45292807584258e-02
 9.48146003391000e-01  -3.12929281007000e-01   5.56275232500000e-02   2.46036687178165e-02
 1.57765531838000e-01  -2.64393246122000e-01  -9.51423275083000e-01   2.61340316488190e-02
-1.02830500342000e-01   9.89838171065000e-01  -9.82154942030000e-02   2.44155211097217e-02
 9.91515780470000e-01   3.49182527770000e-02  -1.25208516892000e-01   2.64634628996667e-02
 4.38205341785000e-01  -8.05602771405000e-01   3.98723278899000e-01   3.71604372631401e-02
 5.66656903949000e-01   6.66665389534000e-01  -4.84207818611000e-01   2.17553830317069e-02
 6.62052704330000e-02  -4.03635976908000e-01  -9.12521156090000e-01   2.35223174701690e-02
 4.46144819376000e-01   7.50035590019000e-01   4.88263672464000e-01   2.50036154670406e-02
-8.91953331817000e-01  -1.43007509046000e-01  -4.28915033797000e-01   3.62777673575049e-02
-5.94542556116000e-01   6.66205863587000e-01   4.50209835842000e-01   2.00830768641538e-02
-6.70774275464000e-01  -6.09273105800000e-03   7.41636534971000e-01   2.14815651068916e-02
-6.33614192225000e-01   3.10857769455000e-01   7.08449364867000e-01   2.60802629132323e-02
 6.48265169878000e-01   7.25287306463000e-01   2.31755458635000e-01   2.31801577633362e-02
 6.28372953974000e-01   2.95799126754000e-01   7.19479191725000e-01   2.71001278887631e-02
 7.50461396544000e-01  -6.57376277970000e-01  -6.82943735530000e-02   2.75487671009682e-02
 7.75556251273000e-01  -5.16639276653000e-01   3.62762124445000e-01   1.82640980631870e-02
-7.44671833074000e-01  -5.10649765279000e-01   4.29768168024000e-01   3.14345018398412e-02
-9.64833341629000e-01  -2.60116169400000e-02   2.61572205453000e-01   2.66514450373321e-02
 7.39080744554000e-01  -6.65493978917000e-01   1.04294856317000e-01   1.48309758878897e-02
 7.21593254423000e-01   6.85932209255000e-01   9.38092718150000e-02   2.33654060522931e-02
-5.08437580765000e-01   7.79973193363000e-01   3.64874011270000e-01   2.59823098031438e-02
-1.12034467923000e-01  -4.00710333772000e-01  -9.09329151851000e-01   2.56298577558979e-02
 5.31916470556000e-01   4.27015088864000e-01   7.31247551951000e-01   2.38717261935078e-02
 9.50930766210000e-01   3.93972779280000e-02   3.06885210407000e-01   2.12417624259345e-02
 2.42848815187000e-01   9.63618572081000e-01  -1.11640944566000e-01   2.33891864093314e-02
 5.40708730460000e-02  -6.41513422712000e-01  -7.65203808909000e-01   2.27941099398392e-02
-6.62402584959000e-01   5.06362464100000e-02  -7.47434803839000e-01   1.60393244037070e-02
 2.56734853281000e-01  -9.62900754728000e-01  -8.31225099130000e-02   3.29950283061934e-02
 9.29603693840000e-02  -4.29180914257000e-01   8.98422012509000e-01   2.82059298940175e-02
 1.60208592505000e-01   7.16990889157000e-01   6.78422635054000e-01   2.55935335589255e-02
 3.98566993121000e-01  -9.16900046055000e-01  -2.09441528640000e-02   2.65596490447771e-02
-4.99465798695000e-01   3.81747116532000e-01   7.77690847929000e-01   2.72247017546638e-02
 2.63356261125000e-01  -2.12021451103000e-01   9.41111249533000e-01   3.25226201785715e-02
-5.41975533088000e-01  -5.28141924476000e-01   6.53703777827000e-01   2.19194330115566e-02
 1.83148873350000e-01  -6.46060462404000e-01   7.40987428442000e-01   2.50596966290528e-02
-9.05205147066000e-01   1.98176973919000e-01   3.75938198024000e-01   1.51379461740876e-02
 9.80635996460000e-02  -9.94942218706000e-01   2.17603277000000e-02   3.92686742753215e-02
 2.91951380294000e-01   6.32219686068000e-01   7.17678660748000e-01   2.02714292212388e-02
-3.40732003259000e-01  -9.18426484239000e-01  -2.00983817767000e-01   3.19509595915602e-02
 9.99198570770000e-01  -3.80175577100000e-02   1.25252335820000e-02   1.78836001910089e-02
-6.00503805053000e-01  -7.91352987324000e-01   1.14697992873000e-01   2.26483849246671e-02
-9.31198843214000e-01  -3.11333242255000e-01  -1.89579341341000e-01   2.52209385969841e-02
 4.41158213601000e-01   6.49266009942000e-01   6.19542636876000e-01   2.20019808005867e-02
-1.47974839015000e-01  -5.76212642020000e-02   9.87311114558000e-01   1.99543163188006e-02
-5.24651785247000e-01   8.44070407051000e-01  -1.10840661216000e-01   2.42493393194462e-02
 6.80823374620000e-01   5.32452286946000e-01   5.02965301683000e-01   2.51822653688888e-02
 2.22707429866000e-01   3.73267588349000e-01   9.00595751806000e-01   2.14014051953492e-02
-7.95975822869000e-01  -1.69992585249000e-01  -5.80969027030000e-01   3.11471573634301e-02
-9.78551855793000e-01  -1.66175529088000e-01  -1.21745468318000e-01   2.69511477323627e-02
-1.47836117779000e-01   1.89382369705000e-01  -9.70710461634000e-01   1.78479610138480e-02
 3.96333023589000e-01   9.12887905321000e-01  -9.77538067370000e-02   2.22429521508663e-02
 4.50346188752000e-01  -5.89312118490000e-02  -8.90907078514000e-01   1.51601825858938e-02
-3.69139760691000e-01   9.12962295476000e-01  -1.73884111169000e-01   3.14792855462938e-02
-8.67795260213000e-01   3.60017533041000e-01   3.42518265578000e-01   1.99339017455937e-02
 3.22197169613000e-01  -5.11224383013000e-01  -7.96767603575000e-01   1.79847893923726e-02
 4.01672896350000e-01  -3.79758282111000e-01  -8.33332185569000e-01   2.73316245530246e-02
 4.68573678811000e-01   8.81630323178000e-01   5.62732687670000e-02   2.32530944748190e-02
 8.79411948797000e-01   4.20085319740000e-01  -2.23970865187000e-01   2.06775001372204e-02
 8.31444894264000e-01   2.63284580686000e-01  -4.89265385424000e-01   2.34915418976768e-02
-7.77717115170000e-02   9.75519199303000e-01   2.05703312270000e-01   2.12157873791791e-02
-8.20008140980000e-02   9.31053855485000e-01   3.55548287402000e-01   2.80892106403546e-02
 2.36711278002000e-01  -6.28565908855000e-01  -7.40859412502000e-01   2.88737093917982e-02
-8.69062146517000e-01  -2.72545949701000e-01   4.12855532594000e-01   3.11287888865562e-02
 7.82466002355000e-01  -5.12525447000000e-04  -6.22693096538000e-01   2.94612527269127e-02
 1.62800766430000e-02   8.83208813492000e-01   4.68697291303000e-01   2.30151036169484e-02
 4.94042023963000e-01  -4.98850508157000e-01   7.12088933400000e-01   2.49581820359688e-02
-8.61774505611000e-01  -2.88199970980000e-02   5.06472219619000e-01   2.30539192806740e-02
 3.42004424504000e-01  -5.78098708286000e-01   7.40833893054000e-01   1.42916282316086e-02
-7.48562799601000e-01   6.50040240571000e-01  -1.30772400344000e-01   2.42150013784563e-02
-6.67457814688000e-01   5.31378611652000e-01   5.21667362110000e-01   2.76879119032125e-02
-8.41804623126000e-01   5.28981437385000e-01   1.07441218280000e-01   2.33113346174852e-02
-6.33371509874000e-01  -5.87123294587000e-01   5.04109876349000e-01   1.29767498431520e-02
 7.77451022690000e-02   9.48313596284000e-01   3.07663813562000e-01   1.95966261046361e-02
-9.36611129915000e-01   2.55852780345000e-01   2.39371982717000e-01   3.79149377784889e-02
-1.66124191114000e-01   3.38042314485000e-01  -9.26353143647000e-01   3.10930312985598e-02
-2.35739308810000e-02  -2.81782395754000e-01  -9.59188694275000e-01   1.99504517676809e-02
-2.80542045044000e-01   6.49367420210000e-02  -9.57642616271000e-01   2.56807362693241e-02
-8.99398305643000e-01   4.10418462588000e-01  -1.50463860686000e-01   1.45164858836913e-02
-4.64937745750000e-02   8.76806814044000e-01  -4.78589740562000e-01   1.78592868800046e-02
-3.43223692983000e-01  -9.31107948329000e-01   1.23432107386000e-01   2.04418325223176e-02
 4.84040709380000e-01  -4.74355132240000e-01  -7.35317482575000e-01   2.77473810970805e-02
-5.83044494982000e-01  -7.65226837130000e-01   2.72923074525000e-01   2.48979008313002e-02
-1.83520473187000e-01   4.78332950645000e-01  -8.58788579482000e-01   1.59789631161770e-02
-2.82065894250000e-02   4.53310502029000e-01  -8.90906267271000e-01   2.66582543693089e-02
 3.19288138691000e-01   9.46685778012000e-01   4.29082999040000e-02   2.67935843220977e-02
-1.26600011039000e-01   3.50489442380000e-02  -9.91334458552000e-01   2.88369428393526e-02
 6.47524293067000e-01  -7.62038543874000e-01   3.08990913600000e-03   2.86332273369801e-02
-7.47619899554000e-01  -5.55047000847000e-01  -3.64674255524000e-01   2.43330546537523e-02
-6.61015104839000e-01   7.38787574043000e-01   1.31346684825000e-01   2.60040602453938e-02
-5.67840559845000e-01  -2.85856544230000e-01  -7.71908760616000e-01   3.27559792310905e-02
-5.08060756768000e-01  -6.48784918642000e-01   5.66526607297000e-01   3.30848845146667e-02
-1.86122986952000e-01  -8.88560565126000e-01  -4.19306994733000e-01   3.09526079536717e-02
-1.30817515194000e-01  -8.11521931215000e-01  -5.69490063896000e-01   2.21146644389172e-02
-6.59666328400000e-01   1.54116113971000e-01   7.35587220247000e-01   2.76538712341135e-02
 5.19933565673000e-01  -3.56575232845000e-01   7.76223673053000e-01   1.84921449228392e-02
 6.66281839461000e-01   7.43150800337000e-01  -6.16068045160000e-02   2.37062987231994e-02
-8.47315280854000e-01  -2.50766156310000e-02  -5.30497858788000e-01   1.31962537219976e-02
 1.47145317460000e-01   2.56292583278000e-01  -9.55333641879000e-01   2.52631218862066e-02
 2.70012934823000e-01  -5.01301442050000e-02   9.61550822198000e-01   2.08303665291965e-02
-9.44328073774000e-01   1.33596087973000e-01  -3.00660230761000e-01   2.03925287801531e-02
-3.44866464088000e-01   6.15884862224000e-01  -7.08345225460000e-01   8.71550484154636e-03
 7.37392579825000e-01  -3.39355406757000e-01  -5.84029186877000e-01   1.31195945055964e-02
-3.83988990428000e-01  -5.46765998052000e-01   7.44042605369000e-01   2.80647481981160e-02
 2.59874133828000e-01  -8.85092561139000e-01  -3.86104380685000e-01   1.56882270352337e-02
-4.34628912687000e-01   6.73152742097000e-01  -5.98300170536000e-01   4.06197236661058e-02
-2.05860877486000e-01  -9.77532612414000e-01   4.52911778200000e-02   3.27423853330099e-02
-8.81603189212000e-01  -4.56129855294000e-01  -1.21331660671000e-01   2.93225983212623e-02
-5.49827504266000e-01   7.30344152780000e-02   8.32079136704000e-01   2.31106256398338e-02
 7.77985883725000e-01   6.26617227693000e-01  -4.57035521970000e-02   2.53946958232655e-02
-5.91541721961000e-01   3.04312460883000e-01  -7.46640688237000e-01   1.79236836158401e-02
 8.65759935815000e-01  -4.07514753975000e-01   2.90502080596000e-01   2.71245819117565e-02
 7.78485273697000e-01   5.07254599002000e-01   3.69666674761000e-01   2.04667144025295e-02
-4.69800916486000e-01  -8.60083034925000e-01   1.98857416013000e-01   2.16429669758084e-02
-4.63777750983000e-01  -8.37725123505000e-01  -2.88317212705000e-01   1.92129113052489e-02
-2.76207013886000e-01  -3.68720103751000e-01  -8.87555728149000e-01   1.70609463253346e-02
-6.96296876059000e-01   4.83927886968000e-01  -5.30079673828000e-01   1.77904947447933e-02
 2.22169509685000e-01   8.95843753776000e-01  -3.84843705661000e-01   2.50476176843398e-02
 1.78587048546000e-01   2.26351430669000e-01   9.57534174808000e-01   2.22194116815886e-02
-7.07628288034000e-01  -6.95017235543000e-01  -1.27331254110000e-01   2.34388119395975e-02
 6.20486803755000e-01  -4.13212650503000e-01  -6.66521891486000e-01   2.93989265275409e-02
-2.42708044033000e-01  -6.50378826261000e-01   7.19791766911000e-01   2.84219451173613e-02
 8.58654578814000e-01   9.09966145310000e-02  -5.04412460617000e-01   2.99844318575758e-02
 1.28404906534000e-01  -1.10438731255000e-01   9.85553380907000e-01   1.70679612162451e-02
-4.26242340261000e-01  -1.06979420030000e-02   9.04545754180000e-01   2.14198993752598e-02
 2.94222914795000e-01   1.20329387003000e-01   9.48131697093000e-01   1.74336864300630e-02
-3.99879596072000e-01   6.57238147556000e-01   6.38853916042000e-01   2.23502539799415e-02
-2.98306099257000e-01   9.48531588059000e-01   1.06307561347000e-01   2.40633396746631e-02
 5.55370982723000e-01   7.47817695193000e-01   3.63774334315000e-01   2.31031404777137e-02
 6.34499796134000e-01  -6.99433491742000e-01  -3.28941939156000e-01   2.95090673266804e-02
 1.84924529935000e-01  -6.79378685760000e-02  -9.80401634149000e-01   2.11419953665848e-02
 9.81802871437000e-01  -1.68743454717000e-01   8.71135358560000e-02   2.62050611859493e-02
 2.99236295891000e-01  -7.01214049131000e-01   6.47113974909000e-01   3.20498361110707e-02
-5.16849888306000e-01   7.11007612331000e-01  -4.76795939753000e-01   9.67678841325600e-03
-5.40948489240000e-02  -9.98006799160000e-01  -3.24988638360000e-02   1.76632381499614e-02
 9.24992612450000e-02  -9.79651819234000e-01   1.78118499155000e-01   1.71669639405730e-02
-7.78058465665000e-01   4.49182465091000e-01   4.39158441866000e-01   1.82705594289011e-02
-5.30643171270000e-01   2.30249708023000e-01   8.15722315950000e-01   1.88704064047832e-02
 8.54350230459000e-01   4.65859685496000e-01   2.30348512354000e-01   2.59758334405577e-02
 3.66281789453000e-01  -7.95890269396000e-01  -4.82075025070000e-01   2.47652051205134e-02
-4.10687256868000e-01   9.11566281193000e-01  -1.95676272920000e-02   2.04775360317414e-02
-3.11841395871000e-01   8.94319306401000e-01  -3.20854985967000e-01   1.63245578994490e-02
 9.05398510936000e-01   1.89331836084000e-01  -3.80009200204000e-01   1.99151658557363e-02
 8.98799235664000e-01  -2.51347674774000e-01   3.59143815701000e-01   2.21095824584258e-02
 9.84985612229000e-01  -1.40200263838000e-01  -1.00733458799000e-01   2.74473318172664e-02
-2.27874530467000e-01   9.42336021347000e-01   2.45104102856000e-01   2.14382585234147e-02
-8.51809330586000e-01  -4.45224997646000e-01  -2.76035443010000e-01   1.25949528827226e-02
 4.47297497898000e-01  -2.19730467577000e-01  -8.66973742389000e-01   2.80517939206541e-02
 1.77283889907000e-01   7.55988993749000e-01  -6.30119880428000e-01   2.38949040698297e-02
 5.08233098072000e-01  -7.56387169294000e-01  -4.11797970067000e-01   1.38332874116660e-02
-9.22664025388000e-01   4.94720975560000e-02   3.82418106027000e-01   2.86135366581037e-02
 5.74045229288000e-01  -1.52450038090000e-01  -8.04506718815000e-01   2.80101504176745e-02
 1.51127124100000e-01   9.56654852623000e-01  -2.48941931610000e-01   1.98208781160837e-02
-2.80686326672000e-01   4.82816777420000e-02   9.58584407141000e-01   2.13907091281074e-02
 1.51344467853000e-01  -7.67889311648000e-01   6.22447473372000e-01   1.39087352586006e-02
-9.84948075565000e-01  -1.68832552817000e-01   3.70520923760000e-02   2.69787704964589e-02
-9.60500061466000e-01   2.64640151772000e-01   8.60535995380000e-02   1.33430939637253e-02
-6.22501068846000e-01  -1.17503280990000e-01  -7.73747632140000e-01   2.89037502072291e-02
 5.06353317781000e-01  -8.30285021280000e-01   2.32880014191000e-01   3.05984897334822e-02
 2.63537423343000e-01  -9.35374150293000e-01  -2.35845766257000e-01   2.55802501862050e-02
-3.26066545389000e-01  -9.01788049063000e-01   2.83652820444000e-01   2.80509406381525e-02
 7.70430608031000e-01   1.63389495482000e-01  -6.16230923417000e-01   1.41593911343918e-02
-6.95599079781000e-01   1.99373868499000e-01  -6.90211547837000e-01   3.04193455633932e-02
-9.76731925913000e-01  -1.24977093280000e-02  -2.14099397860000e-01   3.47262799831951e-02
-4.28605304442000e-01   1.08910559904000e-01  -8.96903552756000e-01   1.67364250889867e-02
-1.99104167929000e-01   6.08042161150000e-01  -7.68532537097000e-01   3.02840046677786e-02
-6.33937694040000e-01  -6.23816233919000e-01  -4.57139263655000e-01   3.29206419124526e-02
 6.50922929195000e-01  -7.41280708143000e-01  -1.63713933382000e-01   1.38275282918652e-02
-6.89907232303000e-01  -2.32292956307000e-01  -6.85615047433000e-01   1.17402950666041e-02
 6.61953379007000e-01   6.67712657235000e-01  -3.40554740664000e-01   2.74395817103415e-02
 2.35955767849000e-01  -9.44409380657000e-01   2.28944965758000e-01   3.66043185248240e-02
-7.12099388523000e-01   3.40301471780000e-01  -6.14092313231000e-01   2.04175049884104e-02
-3.97561230740000e-02  -9.43481790133000e-01  -3.29031248313000e-01   1.52075055253826e-02
 9.86355883790000e-02   4.67815748395000e-01   8.78304870907000e-01   2.09583130362133e-02
 5.25119761531000e-01  -8.48104246914000e-01   7.04870372240000e-02   1.23179846452218e-02
-4.93452248410000e-01  -4.29230362102000e-01   7.56482765692000e-01   2.42629476887975e-02
-2.06833107995000e-01   9.54407376819000e-01  -2.15236206319000e-01   2.43814149395607e-02
 3.15231189258000e-01   2.93714178940000e-02  -9.48560286502000e-01   2.43343321931957e-02
 7.87646797662000e-01  -4.19488307378000e-01  -4.51267195912000e-01   3.08786601457381e-02
 6.13998293711000e-01   5.34976657986000e-01  -5.80349955398000e-01   3.33022822530127e-02
 6.39176154480000e-02  -5.72451527522000e-01   8.17443445795000e-01   1.75263031455585e-02
-4.79970277411000e-01   8.37411385539000e-01  -2.61477922914000e-01   1.50419213199670e-02
 3.12161579538000e-01   7.38874762133000e-01   5.97176049539000e-01   2.73393759891250e-02
-8.33306247252000e-01  -2.78464852727000e-01  -4.77554210626000e-01   3.35802578143185e-03
 3.31289356237000e-01   7.00574593309000e-01  -6.32014716327000e-01   2.57275838955191e-02
 9.61351591980000e-01   2.70110877637000e-01   5.33219502540000e-02   2.50994039822578e-02
 8.38923049461000e-01  -2.13830887830000e-01   5.00484234010000e-01   2.33728003311556e-02
-9.65974970451000e-01  -1.65015204682000e-01   1.99154057666000e-01   2.37727962059091e-02
-8.39857661286000e-01  -4.18187925842000e-01   3.46060641303000e-01   1.99940615939510e-02
 6.74993202245000e-01   6.36461238813000e-01   3.73230851367000e-01   2.46642651269588e-02
-3.50316004722000e-01   4.42689119516000e-01   8.25412042738000e-01   2.02944549987733e-02
-8.29783944412000e-01  -1.84488097918000e-01   5.26709357542000e-01   2.22473729442217e-02
 6.01002550879000e-01  -6.37882779312000e-01  -4.81561516001000e-01   2.89105269269937e-02
-4.52815440012000e-01   7.27966645234000e-01   5.14803594309000e-01   2.52566189135159e-02
-2.99000715028000e-01  -2.73592652361000e-01   9.14191245302000e-01   2.31197071735618e-02
-1.86744979246000e-01  -2.51748194324000e-01  -9.49604738500000e-01   2.80642396324312e-02
-9.47869614151000e-01  -3.16383740466000e-01  -3.80068854150000e-02   1.96576535343074e-02
 1.14033996547000e-01  -9.52463011149000e-01  -2.82507451272000e-01   3.14301668033775e-02
 4.01855034122000e-01  -8.54600873076000e-01  -3.28891896052000e-01   3.27788639116272e-02
 5.35219104830000e-01   3.40758522033000e-01  -7.72932170043000e-01   3.05552905357042e-02
 9.24611126215000e-01   3.16504664323000e-01   2.11941177551000e-01   2.14927743653177e-02
 2.54973313303000e-01   4.96523400811000e-01  -8.29730752684000e-01   2.54778158623261e-02
 8.18514296235000e-01  -4.87360891166000e-01  -3.04160662513000e-01   2.58595047931751e-02
 8.07563114833000e-01  -5.52564765262000e-01   2.06189223169000e-01   2.39951365274382e-02
-2.67652056680000e-01  -7.62645091303000e-01   5.88841949309000e-01   3.07596204146888e-02
-7.14893709375000e-01  -6.98400644444000e-01   3.41104696010000e-02   2.79389081038925e-02
-7.18866862105000e-01   5.87075075643000e-01   3.72254335267000e-01   2.32496856404542e-02
 7.14385771236000e-01  -4.75160362063000e-01   5.13688232471000e-01   2.74731132587865e-02
 4.61586622233000e-01   8.54852119673000e-01  -2.36992919019000e-01   2.41268347549997e-02
 3.95652989966000e-01  -2.97212288561000e-01   8.68978461793000e-01   2.27562904551221e-02
-1.94707982839000e-01  -9.43317240121000e-01  -2.68777577020000e-01   2.07939804035915e-02
-6.23059286809000e-01  -3.59640537497000e-01   6.94590389302000e-01   2.08045646376464e-02
-2.83421844043000e-01   7.90123922040000e-01   5.43485276837000e-01   2.77742048691503e-02
-8.93084628081000e-01  -2.98507484347000e-01  -3.36590446796000e-01   3.16653075222648e-02
-2.50648752086000e-01   7.21052223812000e-01  -6.45955798499000e-01   2.79938731133118e-02
-5.58435085237000e-01  -7.39042998693000e-01  -3.76783361707000e-01   2.25993043780951e-02
-7.81373872029000e-01   8.86861670730000e-02  -6.17729419633000e-01   2.58354281319102e-02
-3.59146126463000e-01  -4.78670859560000e-01  -8.01179298319000e-01   3.04557112426961e-02
-6.78503586796000e-01  -6.74725403474000e-01  -2.90479797254000e-01   1.67780230605283e-02
-5.73569574426000e-01  -5.45193680720000e-01  -6.11376965379000e-01   3.49213232604091e-02
-3.77413329057000e-01   8.82925307453000e-01   2.79288525560000e-01   2.75319427295718e-02
 5.92779495225000e-01  -5.62310443739000e-01   5.76558266702000e-01   1.57643167090259e-02
-4.33680715073000e-01  -1.66560725157000e-01   8.85538571836000e-01   2.10665168738142e-02
 2.98566997398000e-01   1.90352168362000e-01  -9.35213237751000e-01   1.80003877003770e-02
 7.54552958853000e-01   4.33721719707000e-01  -4.92478732679000e-01   2.27331705573688e-02
 2.22244205458000e-01   9.58050269119000e-01   1.80961860572000e-01   2.27742643198782e-02
 5.22503548996000e-01   8.25603265470000e-01   2.13000679182000e-01   2.45146990609120e-02
 4.42403209016000e-01   1.05664656054000e-01  -8.90569694697000e-01   3.01963857687005e-02
-1.74839901566000e-01  -9.15147596025000e-01   3.63229798213000e-01   2.05523548984602e-02
 3.79620779811000e-01   8.42255831028000e-01  -3.82744273159000e-01   2.22906286328790e-02
 1.20811646184000e-01   8.54727104714000e-01  -5.04822862611000e-01   2.50660208679641e-02
 2.26119520664000e-01  -4.12352073291000e-01  -8.82516702407000e-01   2.78019354189712e-02
-8.19777913721000e-01   5.00615804487000e-01   2.78115063369000e-01   3.33314501211588e-02
-2.93362084394000e-01  -1.12776204030000e-01   9.49326190118000e-01   2.89511097584715e-02
 9.19883650339000e-01   2.03201055912000e-01   3.35445078536000e-01   2.73620893749173e-02
 5.96906608014000e-01   7.71775759368000e-01  -2.19236581255000e-01   2.36186383931987e-02
 4.05754377711000e-01  -8.96995681568000e-01  -1.75391368707000e-01   1.29641652472647e-02
-3.28899375354000e-01  -8.73249979160000e-01  -3.59527015381000e-01   1.94206588809370e-02
 3.81619162586000e-01   9.04334805965000e-01   1.91168442656000e-01   2.21670776261901e-02
-4.08811960125000e-01  -7.60473386497000e-01   5.04532466436000e-01   1.86859979063918e-02
 7.84109955197000e-01   5.19883193720000e-01  -3.38958763050000e-01   2.79679954459935e-02
-5.71139596930000e-02  -9.90882777339000e-01   1.22021789777000e-01   1.92198608394660e-02
-1.03464109407000e-01   2.66791183556000e-01   9.58184555522000e-01   2.31578427919514e-02
-9.16450311150000e-02   7.09941055449000e-01  -6.98272787713000e-01   1.74352235292963e-02
-3.81482258200000e-02  -7.34722822378000e-01  -6.77293944417000e-01   2.57617058720606e-02
-6.72799250250000e-02   4.18058963291000e-01   9.05925005119000e-01   2.01940829127816e-02
 8.98924574337000e-01  -4.36230591390000e-01  -4.04657977620000e-02   2.24515290141054e-02
 4.56019679105000e-01  -6.27611945089000e-01   6.30990727864000e-01   3.02350746730507e-02
 3.10383608133000e-01  -7.19525073719000e-01  -6.21245268869000e-01   1.77272094766142e-02
 8.88636286861000e-01  -4.38914736010000e-01   1.32963920619000e-01   2.15464982171760e-02
-7.89917791884000e-01  -5.77588751753000e-01  -2.05963870408000e-01   3.02429039995676e-02
 4.23519144832000e-01   2.68452067957000e-01  -8.65196521705000e-01   2.54753053492237e-02
-9.47964148737000e-01  -1.56781331401000e-01  -2.77098514673000e-01   1.33456193154769e-02
-9.59546796994000e-01   2.72100948267000e-01  -7.23257791600000e-02   2.13410014977214e-02
 7.26361548900000e-02   9.90757304190000e-01  -1.14559823661000e-01   2.99626807769393e-02
 9.33290574288000e-01   3.48530620231000e-01  -8.65743074230000e-02   2.45956257779363e-02
 8.31396600048000e-01  -5.37018662647000e-01  -1.42795831160000e-01   1.65932679933414e-02
 5.35183933927000e-01  -3.20701721570000e-02   8.44126566887000e-01   2.11146303569905e-02
 4.77061921745000e-01   6.27026857464000e-01  -6.15832154763000e-01   1.72667673189015e-02
-1.18578389639000e-01   7.60396797913000e-01   6.38541991755000e-01   2.59506755542602e-02
 5.33715891441000e-01  -8.07274643843000e-01  -2.51902752330000e-01   2.56937151757818e-02
-8.77956527437000e-01   1.16157805942000e-01  -4.64434817870000e-01   3.52913611019324e-02
-7.99324122400000e-01  -4.22524185398000e-01  -4.27263689193000e-01   3.45002252365281e-02
-5.95188465374000e-01   4.59950090978000e-01   6.58935963880000e-01   2.00816738568319e-02
-2.13213877358000e-01  -7.19285850102000e-01  -6.61186591172000e-01   2.55389173322997e-02
 4.63226649026000e-01  -6.88158665236000e-01  -5.58443124313000e-01   2.96993757143826e-02
-5.80947793859000e-01   7.39304379089000e-01  -3.40483033160000e-01   2.42080275506975e-02
-7.50421322588000e-01   2.29234459248000e-01   6.19934997640000e-01   1.82740067832422e-02
 5.47010229540000e-02  -8.15703662984000e-01  -5.75877879660000e-01   2.13223142573725e-02
 4.91321334518000e-01   2.98004384289000e-01   8.18411102803000e-01   2.26318654012309e-02
 7.16156108614000e-01   6.68754155007000e-01  -1.99720575444000e-01   2.12338177808036e-02
 4.29382143289000e-01   7.47398087213000e-01  -5.06978376515000e-01   2.85169851487694e-02
 5.83253918209000e-01  -7.38433912439000e-01   3.38423143201000e-01   1.08849087217521e-02
-4.69983457600000e-03   9.99622974876000e-01   2.70521654540000e-02   1.78894622967619e-02
 8.51118057101000e-01   3.69052698502000e-01  -3.73360628087000e-01   2.46600878803612e-02
-3.02110678808000e-01   2.17539600697000e-01  -9.28119421130000e-01   2.61599559484613e-02
 3.86077558026000e-01  -9.12753234716000e-01   1.33512739855000e-01   3.21597283673079e-02
-6.73038435281000e-01  -4.54029918316000e-01   5.83845953919000e-01   3.04316940249950e-02
 9.35221482446000e-01  -2.85256243873000e-01   2.09737107118000e-01   2.20961513025648e-02
 6.26998783689000e-01  -4.25929056945000e-01   6.52270621523000e-01   2.81685916604603e-02
-2.89769143231000e-01  -6.09111643192000e-01  -7.38252565020000e-01   1.91735061007678e-02
 9.73852592304000e-01   1.98001897715000e-01  -1.11383916992000e-01   2.04192047967540e-02
-7.52129810229000e-01   6.26133922706000e-01   2.05565219341000e-01   1.60384384958361e-02
 5.69904963079000e-01   6.50811835762000e-01   5.01649566422000e-01   2.29128791344496e-02
-3.70471304316000e-01   8.27223682641000e-01   4.22435783945000e-01   1.91153514348008e-02
-1.54692316008000e-01   9.85593559059000e-01   6.83785325230000e-02   2.82485602087105e-02
-8.04430043215000e-01   2.30947846126000e-01  -5.47316542727000e-01   1.67767994644438e-02
-4.71316915803000e-01   4.02321061169000e-01  -7.84855482632000e-01   2.07911868328876e-02
 5.78472728592000e-01   1.57934344711000e-01   8.00266233847000e-01   2.34640946120323e-02
-9.28857007945000e-01  -5.67551395600000e-03  -3.70394988265000e-01   1.77291610283271e-02
 4.07592921675000e-01   1.07826351830000e-02   9.13100073912000e-01   3.00895732801179e-02
-2.02272812067000e-01  -9.72716948188000e-01  -1.13610951083000e-01   1.88932868230545e-02
-4.39117861398000e-01  -5.83378704236000e-01  -6.83260412467000e-01   2.30388195580857e-02
 9.92408552987000e-01   1.19270012050000e-01   2.99988030460000e-02   2.51789695699584e-02
 6.30318410234000e-01  -7.57380572235000e-01   1.70509150844000e-01   2.81372316419666e-02
 5.50669826186000e-01  -5.61638869834000e-01  -6.17514795305000e-01   1.47431628425861e-02
-2.59653572292000e-01   2.06800550264000e-01   9.43299292275000e-01   1.90033165022444e-02
 5.62643781470000e-02   3.24738995366000e-01   9.44128648353000e-01   2.98428101003303e-02
-3.36710220004000e-01   4.93895494888000e-01  -8.01681649955000e-01   3.44394704021098e-02
 3.99162835888000e-01   4.24998217396000e-01  -8.12431871394000e-01   1.70729477202410e-02
 8.91917272175000e-01   7.86746527770000e-02   4.45302008311000e-01   2.32860226136678e-02
 4.01274981581000e-01  -6.05146481582000e-01  -6.87587176281000e-01   2.57662511259383e-02
-7.99321595447000e-01   3.75253361616000e-01  -4.69329203916000e-01   3.58933753409934e-02
-4.79948523616000e-01  -8.76482309062000e-01   3.77912235890000e-02   3.01782456052092e-02
 7.10568105650000e-02   9.84331704937000e-01   1.61375414262000e-01   2.93752041768245e-02
-1.88639282917000e-01   5.03007837760000e-01   8.43444328982000e-01   2.27600334756622e-02
-4.19619892846000e-01   8.13403952161000e-01  -4.02856247483000e-01   3.86402363987199e-02
-9.98248116100000e-01  -1.87478203860000e-02  -5.61178931620000e-02   1.66699305789564e-02
-1.50136516720000e-01  -8.42322658872000e-01   5.17640381633000e-01   2.25066087437620e-02
 5.42472287545000e-01  -6.86791285809000e-01   4.83778406899000e-01   3.15150823018106e-02
-4.90875885480000e-01  -1.69086212612000e-01  -8.54664096449000e-01   1.42387360330217e-02
 5.25707210899000e-01   7.67837399015000e-01  -3.66138849459000e-01   2.28174773934722e-02
-9.17819448645000e-01  -2.90570712432000e-01   2.70510851476000e-01   2.14995271682110e-02
-4.45287123453000e-01  -8.21809825540000e-01   3.55454622044000e-01   2.33985887201530e-02
 6.46453201800000e-03   6.87515897214000e-01   7.26140551755000e-01   2.09992517061214e-02
-9.36298230400000e-03   3.09044363877000e-01  -9.51001532974000e-01   2.16429771909383e-02
-4.20291809040000e-02  -9.59166023237000e-01   2.79703571341000e-01   3.20827660583726e-02
-8.99850218829000e-01   3.98757043537000e-01   1.76811775354000e-01   1.40227660274960e-02
 7.08181320035000e-01   1.56894838211000e-01   6.88377242286000e-01   1.84518916891221e-02
 5.73042689538000e-01   1.19932489330000e-02  -8.19437757214000e-01   2.85985796092670e-02
-6.06978409650000e-02  -4.85448166245000e-01   8.72155863359000e-01   2.52541797146557e-02
 7.72269279138000e-01  -1.71086659037000e-01  -6.11824742552000e-01   2.89915298598697e-02
-6.76580721354000e-01  -6.46631444063000e-01   3.52287245072000e-01   2.56203940671240e-02
-6.03091293337000e-01  -7.96342558681000e-01  -4.60371712160000e-02   1.94564421774593e-02
-4.27151094871000e-01  -7.82063879677000e-01  -4.53781919269000e-01   3.24824723602328e-02
-4.56837858876000e-01   5.24508178837000e-01   7.18463875940000e-01   2.39696235319266e-02
-5.36318370554000e-01  -2.59052519600000e-03  -8.44011785810000e-01   2.72302167812966e-02
 1.74173042729000e-01   8.14669742902000e-01   5.53151842794000e-01   2.02691252494439e-02
-2.47573303001000e-01  -9.27554361870000e-02  -9.64418938376000e-01   1.66793585383013e-02
 2.80104776118000e-01   8.10512081431000e-01  -5.14404004893000e-01   2.06422363467763e-02
-9.33420628771000e-01   2.73804533565000e-01  -2.31855573976000e-01   3.45567187192934e-02
 5.43524351927000e-01  -3.19559560557000e-01  -7.76184878827000e-01   1.43659205332861e-02
 2.57686105637000e-01  -8.84471308639000e-01   3.88983772357000e-01   2.38659338491324e-02
-4.78203060060000e-02   5.88198898468000e-01  -8.07301228895000e-01   2.30809938331250e-02
-9.72711047119000e-01   1.16237050456000e-01   2.00803802042000e-01   1.68948637259569e-02
 2.59560940882000e-01   5.10787924183000e-01   8.19587588045000e-01   2.75598993089585e-02
 2.20240101516000e-01   6.35858408778000e-01  -7.39715067895000e-01   1.94686696962005e-02
-3.05144836684000e-01   5.77595940255000e-01   7.57145665276000e-01   2.64870276274094e-02
 7.05617288908000e-01  -6.53271134801000e-01   2.74483270949000e-01   3.09398406230601e-02
-7.17515594633000e-01   3.84233534695000e-01   5.80978452504000e-01   2.44461250622989e-02
-5.52508604590000e-01   8.32129146922000e-01   4.79095470310000e-02   2.75165023776678e-02
 6.46937007803000e-01  -2.79648788516000e-01   7.09414591770000e-01   2.34436127773946e-02
 6.79089871523000e-01  -4.97471567246000e-01  -5.39776792921000e-01   2.76016885592758e-02
-3.67189231002000e-01  -7.04115320068000e-01  -6.07777660565000e-01   2.94823741918947e-02
 1.63680934699000e-01   9.86208072551000e-01   2.45395446320000e-02   2.02615813432169e-02
-5.59320023333000e-01  -2.51299202457000e-01   7.89942923472000e-01   2.54422173283853e-02
-9.81792176443000e-01   1.30368151042000e-01  -1.38160296283000e-01   1.71416415565506e-02
 4.07666987221000e-01  -1.44557615420000e-01   9.01615618406000e-01   1.70316184659731e-02
 1.63634134129000e-01   8.93101170573000e-01   4.19039579597000e-01   2.70852331736700e-02
 4.17133401554000e-01   5.36868584821000e-01   7.33329290251000e-01   2.59853737843807e-02
 5.35168651732000e-01  -8.39813829732000e-01  -9.11440924860000e-02   3.18524741024577e-02
 9.06285629476000e-01   4.15037688579000e-01   7.99379438300000e-02   2.35130739708061e-02
-2.12862930122000e-01  -5.32340976057000e-01   8.19330493873000e-01   1.93298434851886e-02
-6.42561196074000e-01   7.06721681354000e-01   2.96073596263000e-01   2.80054514410803e-02
 9.12680291923000e-01  -9.15271987270000e-02   3.98293179240000e-01   2.70859199617379e-02
 8.46823437513000e-01   2.43909577258000e-01   4.72650170634000e-01   1.95092028932862e-02
-1.59397657497000e-01  -2.22765832260000e-01   9.61752447755000e-01   2.05213796500125e-02
 1.27182752441000e-01   4.08194581902000e-01  -9.03992107702000e-01   2.08107857931792e-02
-7.70451451528000e-01   6.85026589950000e-02   6.33807499599000e-01   2.47129800081353e-02
-3.27727607980000e-01  -4.33059658429000e-01   8.39674905668000e-01   2.21773708522768e-02
-8.82539742653000e-01   2.58421518586000e-01  -3.92863744027000e-01   1.62960308708453e-02
 7.56666363993000e-01  -1.72712317648000e-01   6.30576299058000e-01   2.91412231848920e-02
 6.86541089965000e-01  -8.09600657790000e-02  -7.22569581105000e-01   1.30893792373141e-02
-8.06767051999000e-01  -5.79790495154000e-01   1.13885493096000e-01   2.59065133733886e-02
 4.06667405392000e-01  -7.41887163880000e-01   5.33127618362000e-01   6.94261662662227e-03
-3.43936274370000e-02  -3.32423507680000e-01   9.42502885902000e-01   1.94032816673617e-02
-8.16655206735000e-01   5.31465244473000e-01  -2.24986593446000e-01   3.84868262259630e-02
 8.17204340844000e-01  -3.70358605938000e-01   4.41601141657000e-01   2.54300178463921e-02
 1.66641362939000e-01   9.76294924530000e-02  -9.81172328575000e-01   2.64360450738539e-02
 5.05156917724000e-01   4.94358718154000e-01  -7.07407906559000e-01   2.50703267533724e-02
-4.79553094916000e-01   5.33994408689000e-01  -6.96332392357000e-01   2.15831649977034e-02
 7.60666307085000e-01   6.04474966175000e-01   2.36636397313000e-01   2.52461819984894e-02
 1.46515754576000e-01  -7.30532572293000e-01  -6.66974733015000e-01   2.25920932897177e-02
-5.65894645521000e-01   1.58807453439000e-01  -8.09038591726000e-01   2.61386465731398e-02
 5.60185559320000e-01   5.43894593852000e-01   6.24796614834000e-01   2.49070673965482e-02
-1.33269034671000e-01   8.49691458379000e-01   5.10160553115000e-01   2.06928296513567e-02
-3.69998412940000e-02  -8.82335870396000e-01  -4.69163536047000e-01   2.39872248940441e-02
-8.61519223297000e-01   3.99320839023000e-01  -3.13572153437000e-01   2.01270656409683e-02
 1.21166863769000e-01  -8.64413192441000e-01   4.87963547673000e-01   2.39073233611882e-02
 7.37263236365000e-01   3.22438024514000e-01  -5.93697431906000e-01   2.94308662653532e-02
 1.15219174493000e-01  -2.74288513807000e-01   9.54720039081000e-01   2.31306472539080e-02
 3.13620193609000e-01   9.16188993973000e-01  -2.49479661460000e-01   2.57747902829052e-02
 6.32563791040000e-01   4.08051453299000e-01  -6.58298611366000e-01   1.34227635791996e-02
 9.60111565769000e-01   1.08447727053000e-01  -2.57730230617000e-01   2.40954586049367e-02
 7.19577921518000e-01  -5.69714885032000e-01  -3.97029677275000e-01   1.39098681328258e-02
-9.94457473459000e-01  -2.01859276450000e-02   1.03183631488000e-01   2.13589934393842e-02
-6.93707352255000e-01  -4.92501640938000e-01  -5.25558981562000e-01   8.51852775311573e-03
 8.11002493425000e-01   1.18720708995000e-01   5.72870272325000e-01   2.84191208814656e-02
 3.13139416858000e-01  -1.35376785530000e-01  -9.40008952909000e-01   2.86474957624379e-02
-8.41853435448000e-01   5.36424826919000e-01  -5.94238865300000e-02   1.43423180047276e-02
 8.43887269225000e-01  -5.22947944430000e-02   5.33965852198000e-01   2.06917875979624e-02
 1.07024975239000e-01  -9.85470015722000e-01  -1.31888220805000e-01   8.72899589946101e-03
-8.75528727898000e-01  -4.43157676875000e-01   1.92511610176000e-01   2.67321593242207e-02
-3.44240428376000e-01  -2.14104441982000e-01  -9.14143213832000e-01   2.83006238090072e-02
 6.66863341833000e-01  -6.10455735072000e-01   4.27360595793000e-01   2.52414312709509e-02
 2.19916201760000e-01  -5.12055974708000e-01   8.30322553572000e-01   2.80330448934187e-02
 3.67493701357000e-01   5.72614151184000e-01  -7.32844740260000e-01   2.82103982486832e-02
 8.58404987281000e-01  -8.06761788580000e-02  -5.06588819435000e-01   1.37006614175801e-02
-1.82564336312000e-01  -3.85624776301000e-01   9.04413508861000e-01   2.80438655525499e-02
-2.29309905051000e-01   3.59469681419000e-01   9.04543263524000e-01   2.83447952739470e-02
 5.38859224590000e-02   9.27263861914000e-01  -3.70510509635000e-01   2.66841162056095e-02
 8.10011595050000e-01   5.53837578692000e-01  -1.92730776764000e-01   2.24772478418455e-02
-1.47444081266000e-01   8.06821908109000e-01  -5.72100211060000e-01   2.76861949361262e-02
-3.38277491293000e-01   7.78298684461000e-01  -5.28979675083000e-01   1.25554435822835e-02
 9.28797882742000e-01   2.74772937961000e-01  -2.48665087171000e-01   2.75326158868220e-02
-4.50805904494000e-01   2.62236780819000e-01  -8.53232622008000e-01   2.96262711861539e-02
-4.32303248099000e-01  -3.18784586012000e-01   8.43498837820000e-01   2.25846065095579e-02
-8.47290312686000e-01   1.34160371052000e-01   5.13906723897000e-01   2.44410779107638e-02
-5.89710683127000e-01  -7.80231130060000e-01  -2.08520248156000e-01   3.09007028336293e-02
-2.44886075010000e-02   5.57164907991000e-01   8.30040705873000e-01   2.76908400061436e-02
 6.63963001129000e-01   4.19114786015000e-01   6.19270481515000e-01   2.03207030252323e-02
 2.60948327000000e-02   7.98034889428000e-01   6.02045990736000e-01   2.54009048555305e-02
-7.38731010117000e-01  -6.01276460260000e-02  -6.71313012591000e-01   2.72472669283692e-02
 7.43656185323000e-01  -3.28479119887000e-01   5.82303139120000e-01   1.93399146588220e-02
-4.34875235412000e-01   8.89752987780000e-01   1.38647576115000e-01   2.34695752595893e-02
-5.07152410355000e-01  -6.72454113023000e-01  -5.39075039814000e-01   1.19890576789022e-02
 5.57323504385000e-01   1.76909896780000e-01  -8.11229560532000e-01   1.38905437885284e-02
-7.10567115765000e-01   6.41672630962000e-01  -2.88705054801000e-01   1.20918659863316e-02
 9.60844806100000e-03   1.58089312031000e-01  -9.87378066977000e-01   2.53265935172977e-02
 5.33791681517000e-01  -2.01671185829000e-01   8.21215668110000e-01   3.17729494563529e-02
 1.04945034616000e-01   5.50836410848000e-01  -8.27989002459000e-01   2.40396067782426e-02
 6.02536435090000e-01   7.94368544653000e-01   7.69964911910000e-02   2.40402749522165e-02
 8.75864423503000e-01  -3.29829207256000e-01  -3.52241686463000e-01   1.51599503774841e-02
 7.42733489849000e-01  -6.25417241440000e-01  -2.39165710684000e-01   2.93349996954132e-02
-9.13133609190000e-01   4.07446994467000e-01   1.31893315720000e-02   3.83211583534859e-02
-6.02904487295000e-01   4.41569417501000e-01  -6.64471691442000e-01   3.27308666928098e-02
 2.73618176818000e-01   9.09001064740000e-01   3.14404449103000e-01   2.48413185275555e-02
-8.71132597170000e-02  -6.23855504104000e-01   7.76669550053000e-01   2.59320241732502e-02
-3.85552567570000e-01   2.97525197481000e-01   8.73400237293000e-01   2.38368354049494e-02
 3.03801252811000e-01  -2.82036088818000e-01  -9.10033210051000e-01   1.59093101149575e-02
 3.04304356630000e-02   3.33234947400000e-03  -9.99531332191000e-01   2.00223574235933e-02
 2.46185505003000e-01  -3.66865386381000e-01   8.97107844912000e-01   1.65379467676955e-02
-2.57200046793000e-01   7.01727148443000e-01   6.64399838251000e-01   2.02869908711952e-02
 8.25730996799000e-01   5.56084474728000e-01   9.45429949360000e-02   2.16299928044528e-02
-1.22365765205000e-01  -7.41882205821000e-01   6.59270363502000e-01   1.48659833107129e-02
-2.76853137470000e-02   9.70602160076000e-01  -2.39091970294000e-01   2.03094518553929e-02
-9.42602467930000e-01  -3.13200105915000e-01   1.15785496103000e-01   2.39253700626551e-02
-1.29809969372000e-01   1.06886580135000e-01   9.85760940005000e-01   3.11941642834934e-02
 2.78344548785000e-01   3.46870395525000e-01  -8.95659109745000e-01   2.78036714588537e-02
-6.27922806924000e-01  -4.00282749848000e-01  -6.67447877155000e-01   2.20127724765837e-02
 8.34968162221000e-01  -2.53958670301000e-01  -4.88193774905000e-01   2.76783489368255e-02
 9.42412595265000e-01  -2.30786251746000e-01  -2.42066532777000e-01   2.31272975336202e-02
 3.41621729656000e-01   2.69397225717000e-01   9.00399760441000e-01   2.96535205080639e-02
-2.57097164090000e-02  -5.24669655884000e-01  -8.50917600404000e-01   2.45811456827293e-02
-5.51554054929000e-01  -7.18010157707000e-01   4.24558050118000e-01   2.45996871915578e-02
 3.80792503601000e-01   4.11386939674000e-01   8.28104978289000e-01   2.04908830365968e-02
-7.34668120104000e-01  -2.75304255842000e-01   6.20056707099000e-01   2.76293465683927e-02
-7.84291006324000e-01  -5.57650116976000e-01   2.71871227672000e-01   2.06120063632456e-02
-8.88673541743000e-01  -4.57175070537000e-01   3.53594553810000e-02   2.29052885104256e-02
-1.95916452265000e-01  -9.58687619633000e-01   2.06239646272000e-01   2.02848847714945e-02
-1.57774708800000e-02  -1.68368344604000e-01   9.85597875377000e-01   3.14217022789964e-02
 2.73113760237000e-01  -8.10482552145000e-01   5.18195818815000e-01   2.97884664830354e-02
-9.17869562131000e-01  -1.27815135361000e-01   3.75737618673000e-01   1.99114006429760e-02
 7.55293841951000e-01  -1.17472599280000e-02   6.55281019254000e-01   2.21421227548388e-02
-8.21996860632000e-01   2.94671479551000e-01   4.87329334486000e-01   3.11506410296111e-02
 6.52656717061000e-01  -1.26739215324000e-01   7.46978166330000e-01   1.80421075177855e-02
-1.19602502752000e-01  -6.30006100450000e-01  -7.67324934256000e-01   2.35166612864678e-02
 6.57547536611000e-01   2.46345107813000e-01  -7.12000930444000e-01   2.71214325104043e-02
 1.47917271817000e-01   6.01476812590000e-02   9.87169051955000e-01   3.31867526553030e-02
-2.22627057100000e-03  -8.13714547248000e-01   5.81260422975000e-01   3.00054989465908e-02
 8.29283587849000e-01  -5.57819965613000e-01   3.35502144290000e-02   2.92358670140309e-02
 1.43199819945000e-01  -5.33519079214000e-01  -8.33577353148000e-01   2.19139348101234e-02
-1.29885728777000e-01   9.27094942680000e-01  -3.51602993043000e-01   2.77526197195483e-02
-9.91838893841000e-01   1.24437632893000e-01   2.77648011670000e-02   3.65660451861074e-02
-1.43862937598000e-01   6.35794027418000e-01   7.58333310547000e-01   2.28680229541430e-02
 9.53475740506000e-01  -2.86879852133000e-01  -9.26496773190000e-02   2.02347075317146e-02
 6.06584566540000e-02  -1.53829027760000e-01  -9.86233837310000e-01   2.56688909071673e-02
-5.41623267470000e-01   8.11647714213000e-01   2.18797221526000e-01   1.85683037529885e-02
-4.76714974865000e-01  -8.70148564343000e-01  -1.24837128736000e-01   2.06864707297478e-02
-3.81583101100000e-01  -6.61447314879000e-01   6.45663834046000e-01   1.50261214482567e-02
 1.72110966600000e-02   7.91960880704000e-01  -6.10329207549000e-01   2.49401950382436e-02
