 0.00000000000000e+00   0.00000000000000e+00   1.00000000000000e+00   1.79157193589510e-02
 6.13761029554000e-01   0.00000000000000e+00   7.89491861010000e-01   2.27937330749742e-02
-7.34553604082000e-01   6.75455195679000e-01   6.47401062730000e-02   1.85709549425772e-02
 1.66951752264000e-01  -9.82501327791000e-01  -8.25727152550000e-02   2.48995862672775e-02
 4.38755208269000e-01   8.98267079123000e-01   2.47006433290000e-02   2.65266708644031e-02
 2.90133183455000e-01   6.25233366103000e-01  -7.24503950141000e-01   2.07313393600982e-02
-2.83523195825000e-01  -9.48940725939000e-01  -1.38297129697000e-01   2.26348239181479e-02
-9.87901517754000e-01  -3.41853025160000e-02  -1.51267829730000e-01   2.06248796854561e-02
 1.17043182278000e-01   9.58894727098000e-01  -2.58499121518000e-01   2.01539677446199e-02
 5.94774834317000e-01   5.42031745323000e-01   5.93670349205000e-01   2.32364459026089e-02
 7.32986417453000e-01  -4.06928209913000e-01  -5.45105809734000e-01   2.26267002527096e-02
 2.07291110564000e-01  -9.13588939936000e-01  -3.49836596581000e-01   2.42034102630383e-02
 3.73847973509000e-01   9.12861054381000e-01   1.64080431796000e-01   1.78422455533792e-02
 7.67259848200000e-01   1.95439526819000e-01   6.10831987290000e-01   2.21931063137096e-02
-1.79319236604000e-01   8.28164488759000e-01   5.31025602906000e-01   1.95006045576787e-02
-8.16415177590000e-02  -9.96441509446000e-01   2.09518693810000e-02   2.44991484585957e-02
 5.08865214680000e-01  -6.13093360803000e-01  -6.04295229360000e-01   2.39454520473731e-02
 4.96943924627000e-01   8.60432580451000e-01  -1.12705413684000e-01   1.96559624712069e-02
-2.79849315843000e-01  -6.18886587465000e-01  -7.33937158262000e-01   2.20813391133676e-02
 4.02318843112000e-01   7.74799232407000e-01  -4.87673761791000e-01   1.58699873861319e-02
 7.99275927133000e-01   2.46155974313000e-01  -5.48238295466000e-01   2.01286486112188e-02
 2.96171082525000e-01  -9.30916909423000e-01   2.13720372510000e-01   1.73862010553972e-02
-3.23361085005000e-01   4.10456256438000e-01  -8.52621410859000e-01   2.09701442361320e-02
 7.19779880904000e-01  -2.81288740800000e-01  -6.34660198330000e-01   2.03961870124459e-02
-9.39173521320000e-01  -3.07865758106000e-01  -1.52222770432000e-01   1.80186307228535e-02
-6.66800058947000e-01  -7.40817077632000e-01   8.10415873300000e-02   2.23818172647288e-02
 2.05970770255000e-01   7.45800336288000e-01  -6.33528136860000e-01   1.76140507348606e-02
 5.15878624466000e-01   4.77372055879000e-01   7.11326342184000e-01   1.96452648438564e-02
-2.46278273067000e-01   9.56475837161000e-01   1.56527905315000e-01   2.57723537196352e-02
-3.14265012189000e-01  -3.57008193919000e-01  -8.79649163922000e-01   2.01668235400599e-02
-1.15457169460000e-02   6.68943434078000e-01  -7.43223639576000e-01   1.79259223718739e-02
 2.63949562315000e-01   8.19651402899000e-01  -5.08431122454000e-01   2.51662788762847e-02
-7.38189155064000e-01  -6.50422741252000e-01  -1.78960970632000e-01   2.30024359721653e-02
 4.61465903271000e-01  -6.76872426403000e-01   5.73491881803000e-01   2.28438196626336e-02
-9.10700961244000e-01  -9.46963865340000e-02   4.02065111103000e-01   2.61320771276507e-02
-7.85945702541000e-01   2.62737256633000e-01   5.59694994291000e-01   1.88475814852219e-02
 2.67426915833000e-01   4.54542458300000e-02   9.62505457763000e-01   1.98609525555644e-02
 5.23063685040000e-01   8.09674994536000e-01  -2.66140535461000e-01   1.82072582089694e-02
 3.63368119254000e-01  -8.71937386885000e-01   3.28159722182000e-01   2.42742372805449e-02
 5.90364012693000e-01   7.66640201013000e-01   2.52454222996000e-01   1.84779999151876e-02
-7.67240145025000e-01   1.66684710591000e-01  -6.19321214813000e-01   2.51311264050849e-02
-1.40107111863000e-01  -8.23839952611000e-01   5.49233765976000e-01   2.09794536780469e-02
-7.49560770531000e-01  -5.95198592739000e-01   2.89650283070000e-01   2.29700940054763e-02
 8.85618891070000e-01   1.69674876904000e-01  -4.32307316532000e-01   2.61300880428547e-02
-5.75244990323000e-01   2.96974808215000e-01  -7.62167412314000e-01   2.67421672946684e-02
 2.79286234656000e-01  -1.32210996390000e-01   9.51062275335000e-01   2.49455558911507e-02
-6.92166479128000e-01   7.17836148395000e-01  -7.49455083940000e-02   2.48574013840615e-02
 3.51409813118000e-01   7.07431082264000e-01  -6.13231120452000e-01   2.61198619653410e-02
-4.10965421733000e-01   8.37952235527000e-01  -3.59086999368000e-01   2.29648160580359e-02
-5.34952271331000e-01  -6.85912859935000e-01   4.93304790139000e-01   2.69622027415329e-02
 1.09970611869000e-01  -3.85400726491000e-01  -9.16172879180000e-01   2.17925323608428e-02
-8.72582522171000e-01  -2.51835976328000e-01   4.18543167461000e-01   1.95448011231762e-02
-1.29468498283000e-01   1.33280381470000e-02  -9.91493959312000e-01   2.45708420536761e-02
 7.04642306651000e-01   7.08656034760000e-01  -3.58586680750000e-02   1.72643364999719e-02
-5.50451878288000e-01  -4.77781816399000e-01  -6.84636593827000e-01   2.43442820664310e-02
 6.76076990565000e-01  -6.15263161245000e-01   4.05427114589000e-01   2.40481782638986e-02
 6.45292169343000e-01   4.26850553510000e-01  -6.33558695902000e-01   1.93462235463441e-02
-4.91026300757000e-01   5.48987819463000e-01  -6.76391562666000e-01   2.42124598044612e-02
 8.61699051856000e-01  -4.04514190257000e-01   3.06338071272000e-01   2.19427789060638e-02
-7.30790898750000e-02  -4.04639625004000e-01   9.11551545717000e-01   2.00527379570027e-02
-7.30009118559000e-01  -5.31772661390000e-01  -4.29307026984000e-01   2.41240397885371e-02
-5.30853439093000e-01  -1.03404368673000e-01   8.41131477679000e-01   1.71810258575608e-02
 6.09550328702000e-01  -2.51679686151000e-01  -7.51735147747000e-01   2.07480280832563e-02
 7.11029246050000e-02  -9.96460332124000e-01   4.48461884140000e-02   2.00280595318974e-02
-9.64850392808000e-01   1.25813736882000e-01   2.30726294796000e-01   2.51768479301126e-02
 6.97052876705000e-01  -1.36373376762000e-01  -7.03931523082000e-01   2.34291453287950e-02
-4.35149870756000e-01   7.16229001855000e-01   5.45582813955000e-01   2.17503459537003e-02
 5.84053794849000e-01   8.11713820453000e-01   1.35587901000000e-03   1.90584865772571e-02
-9.96247342789000e-01   7.68212946100000e-02  -3.98713014580000e-02   2.62351790752677e-02
 2.82630167158000e-01   7.82158448841000e-01   5.55291229463000e-01   2.26342567050584e-02
 7.01704985074000e-01  -7.07443196582000e-01   8.44644157710000e-02   2.14178200172481e-02
 9.74553053029000e-01  -1.91536958267000e-01   1.16447157326000e-01   2.15574313106101e-02
 3.20448615620000e-02   7.42878559405000e-01   6.68658786545000e-01   2.16459360438627e-02
-2.89782794341000e-01   7.51642060119000e-01   5.92503287386000e-01   2.48100921473040e-02
 5.15930746285000e-01   7.57290119456000e-01  -4.00408716204000e-01   2.85344789607882e-02
 7.20038397893000e-01   6.57645158636000e-01   2.21466816664000e-01   1.84496557927629e-02
 8.81593334535000e-01   4.57971390536000e-01  -1.14260220346000e-01   2.25485970999375e-02
 1.51607775640000e-01   9.39493729181000e-01   3.07191495969000e-01   1.81408453086892e-02
-3.88313077115000e-01  -3.91927495067000e-01   8.34029851236000e-01   2.70404796231313e-02
-7.21143193559000e-01   4.16103660925000e-01  -5.53904538479000e-01   2.20035688967509e-02
-7.72225174044000e-01  -4.90945862610000e-02   6.33449289345000e-01   2.65133910633395e-02
 7.98916276576000e-01  -5.25371287338000e-01  -2.92776012443000e-01   2.38856435659488e-02
 4.03490892840000e-01   8.84208030245000e-01  -2.35310982842000e-01   2.42242680396131e-02
 9.84175671155000e-01  -1.17976961496000e-01  -1.32210759252000e-01   2.24349863628245e-02
 1.57328850111000e-01  -5.13153753470000e-02   9.86212129907000e-01   2.02394852392005e-02
-3.62360623962000e-01   2.96294004361000e-01   8.83688090438000e-01   1.99940024034762e-02
-8.26566331391000e-01   5.52804368813000e-01   1.05808457279000e-01   2.55551651783409e-02
 9.00827964710000e-02  -2.42142545247000e-01  -9.66049728307000e-01   2.23484723940315e-02
 7.42660780160000e-02   8.96699098378000e-01   4.36365989307000e-01   2.19708113824817e-02
 4.98107790300000e-01   6.72021422033000e-01  -5.47974303750000e-01   1.98298200436734e-02
 2.94112066741000e-01   3.95205998833000e-01  -8.70235778788000e-01   2.04637652407839e-02
-2.42906417526000e-01   7.48353513472000e-01  -6.17222400111000e-01   2.20964877968689e-02
-8.03609408528000e-01   5.93328016663000e-01  -4.66238476360000e-02   2.22684133845255e-02
-8.78661349351000e-01   3.74578812940000e-01   2.96048891322000e-01   2.40371966867659e-02
 9.71737238673000e-01  -2.33378542558000e-01  -3.55133052450000e-02   2.09814111507219e-02
 4.22451365682000e-01   4.01242341779000e-01   8.12735766899000e-01   2.39098023297420e-02
-1.70947655996000e-01   4.28182168414000e-01  -8.87376430587000e-01   2.40709730903843e-02
-4.45695724062000e-01  -2.57472570550000e-01  -8.57358266402000e-01   2.31815824911820e-02
 1.08766424903000e-01  -6.21709496454000e-01   7.75659182137000e-01   2.31140483031999e-02
-3.57040293392000e-01   1.72112300017000e-01  -9.18095629593000e-01   2.31288367921469e-02
-6.25887862389000e-01  -7.44413489642000e-01  -2.32621882360000e-01   2.37166523006465e-02
-4.49439866850000e-02  -9.66036061797000e-01  -2.54468790560000e-01   2.35168794427142e-02
 2.84036639441000e-01   4.60761652692000e-01   8.40845935272000e-01   1.89552106703892e-02
 7.30675470159000e-01  -3.47404992828000e-01   5.87727086551000e-01   1.97696449385109e-02
 8.12357311530000e-02   2.55500535381000e-01   9.63389969018000e-01   1.93771865110556e-02
 8.91863925050000e-01  -2.64852446922000e-01   3.66649588236000e-01   2.07866187001860e-02
-5.87702919499000e-01   4.58430679860000e-02  -8.07777006067000e-01   2.74942133022054e-02
 5.16299842860000e-02  -9.45447596052000e-01   3.21656941232000e-01   1.86081897195071e-02
-2.60909007251000e-01   8.88559484326000e-01  -3.77344050901000e-01   2.45737833641360e-02
 9.78066587505000e-01   2.06481152043000e-01  -2.74095650730000e-02   2.18752287739327e-02
-9.80977446556000e-01   1.79101413674000e-01   7.48727785600000e-02   1.93249184211716e-02
-6.26519619740000e-01   5.33794240621000e-01  -5.67923300069000e-01   2.34030172342673e-02
-8.86316130172000e-01   4.62952562071000e-01  -1.08923215460000e-02   1.86711088081316e-02
 8.45019308635000e-01  -5.15685751076000e-01  -1.41458736638000e-01   2.06626715341737e-02
 8.08200820633000e-01  -3.74534732203000e-01   4.54461404193000e-01   2.25829584563289e-02
 1.19194530264000e-01   1.04157720291000e-01   9.87392441362000e-01   2.54419347071379e-02
-6.53257710245000e-01   1.69853584851000e-01  -7.37837464296000e-01   1.83203793684816e-02
 2.30466881000000e-01   2.06769010363000e-01   9.50858345452000e-01   2.07596598612714e-02
-9.45384861891000e-01   3.24531671200000e-01   3.04410462380000e-02   2.58486466587679e-02
 6.97320097455000e-01  -6.34547061647000e-01  -3.33308728119000e-01   1.97591422203355e-02
-3.33176614729000e-01   9.42579420253000e-01   2.31814562400000e-02   1.92267259243297e-02
 6.25674425971000e-01   1.77528278886000e-01  -7.59615180786000e-01   2.03684136331585e-02
 8.55734220240000e-02   6.33174092250000e-01   7.69264426804000e-01   1.89232663114322e-02
 7.97866351228000e-01  -1.64960794930000e-01  -5.79825164781000e-01   2.18058213003615e-02
 6.98963062131000e-01   9.58264915020000e-02   7.08708629341000e-01   1.97832776529143e-02
 4.94344356834000e-01  -8.09028558834000e-01   3.17956676069000e-01   2.20406861045875e-02
-9.27181089735000e-01   6.28356631390000e-02   3.69305979204000e-01   2.04822008624578e-02
 9.71506824505000e-01   1.64284973087000e-01  -1.70835996084000e-01   2.53403662090281e-02
-3.79121770140000e-01   5.19817565462000e-01  -7.65543194106000e-01   2.59852828799849e-02
 7.25233480008000e-01   5.93616786751000e-01  -3.48791499269000e-01   2.83615634817534e-02
-9.14071424723000e-01   2.25527838332000e-01   3.37061751972000e-01   1.92777353954941e-02
-8.18004374552000e-01   2.13581917000000e-02  -5.74815336314000e-01   1.87033524032893e-02
 7.26989732046000e-01   6.59794065027000e-01  -1.90151837368000e-01   2.14525943393339e-02
 1.13781747436000e-01   1.60342699466000e-01  -9.80481480028000e-01   2.37530418483980e-02
 1.19162461037000e-01   8.45684018469000e-01  -5.20210388964000e-01   1.86642342459359e-02
 9.84935208631000e-01  -3.66711951560000e-02   1.68990704611000e-01   2.04648821945705e-02
-8.59642681794000e-01   1.48246543056000e-01  -4.88914534566000e-01   2.16109972011913e-02
-7.75218845183000e-01  -2.88522987651000e-01   5.61952157812000e-01   2.59098350800848e-02
-8.44641548752000e-01  -1.30189747966000e-01  -5.19260323582000e-01   2.25448679309877e-02
 7.65670152415000e-01   5.55612977956000e-01   3.24104051853000e-01   2.15882351486577e-02
-6.02910113395000e-01   2.02542505453000e-01   7.71670868085000e-01   2.14697709459695e-02
 8.82909733992000e-01  -4.02093373305000e-01  -2.42469216121000e-01   2.13220473645712e-02
-5.48702439264000e-01  -8.26953099207000e-01  -1.22777053465000e-01   2.08285254660891e-02
-2.90134278456000e-01   3.57213534930000e-02  -9.56319029074000e-01   2.05061151422474e-02
 2.16358303511000e-01  -1.37282240031000e-01  -9.66614023835000e-01   1.96838271616405e-02
 5.50337650792000e-01   3.28983385938000e-01   7.67397160470000e-01   2.08941104454879e-02
-1.36784564067000e-01  -9.82677828714000e-01  -1.25037066449000e-01   2.09284910728561e-02
 8.79246481057000e-01  -4.49739406200000e-01   1.57035321056000e-01   2.20628096613284e-02
-1.96444534468000e-01  -9.41944890171000e-01  -2.72303817009000e-01   2.13492073718778e-02
 9.29256952414000e-01  -3.01794983111000e-01   2.13075818806000e-01   2.16970707720313e-02
-6.63115908508000e-01  -7.44992409905000e-01  -7.25506793070000e-02   1.87423141432376e-02
 4.13395436804000e-01   1.00044800606000e-01  -9.05038811710000e-01   2.14031807633370e-02
 4.23989860150000e-02  -1.44990085096000e-01   9.88524254234000e-01   2.65044838496546e-02
-3.52279428350000e-01  -6.25461327344000e-01   6.96202077244000e-01   2.59970451551280e-02
 1.32435621782000e-01   8.16860097980000e-01   5.61427098039000e-01   1.82651947611858e-02
 8.19161943483000e-01  -2.91506638233000e-01  -4.93961122169000e-01   2.30650469758497e-02
-4.73690036744000e-01  -7.18274353435000e-01  -5.09607400150000e-01   2.08494283781439e-02
-1.06870797663000e-01   9.87155854644000e-01  -1.18751636830000e-01   2.01007742551591e-02
 7.75995004305000e-01   3.22045755823000e-01   5.42326732193000e-01   2.24195591980904e-02
 5.97467993239000e-01  -7.80447542180000e-01   1.84210832908000e-01   2.12445135457222e-02
 9.21217265417000e-01  -3.77948335978000e-01  -9.22702835660000e-02   2.32132820045108e-02
-9.26582256680000e-02   7.67497288508000e-01  -6.34320396448000e-01   1.83195692676239e-02
 1.10869032652000e-01  -9.65962257856000e-01  -2.33719862219000e-01   2.05805438071491e-02
-5.64805825740000e-01  -8.04385542170000e-01   1.84277721819000e-01   1.97232353355468e-02
 2.63628706814000e-01   9.31524131586000e-01  -2.50524843513000e-01   2.04489386276018e-02
-6.64861172707000e-01  -7.07594283602000e-01   2.39311409759000e-01   2.28319080633982e-02
-1.83571013750000e-02   9.99652265108000e-01   1.89305492270000e-02   2.54027169170815e-02
-1.86140730421000e-01  -8.90690638190000e-01   4.14755127176000e-01   1.94078826362729e-02
 2.33210449900000e-01  -7.84610725633000e-01  -5.74455303117000e-01   2.05952338068067e-02
 1.40632907200000e-01  -8.64345779875000e-01  -4.82834089750000e-01   2.12057177804842e-02
-2.97884468541000e-01   9.50982154000000e-03   9.54554559308000e-01   1.66493736266773e-02
 4.26134122001000e-01   7.29797944773000e-01   5.34607023777000e-01   2.51287698514850e-02
-9.65517480858000e-01  -3.84943833280000e-02   2.57476555457000e-01   2.00228141121938e-02
 4.68538488200000e-01  -8.83426083156000e-01  -5.48093746600000e-03   1.82886147437575e-02
-6.77085608561000e-01   5.43878858116000e-01   4.95732656150000e-01   1.95855648911875e-02
-1.08725225060000e-01   3.01802406047000e-01  -9.47150533516000e-01   2.28647824996070e-02
-2.29854921716000e-01   6.62360021868000e-01   7.13053936525000e-01   2.26496786519644e-02
 4.98791160466000e-01   2.16784055494000e-01  -8.39173433520000e-01   1.95515192398953e-02
 6.36111381037000e-01   7.09012203335000e-01  -3.04407632028000e-01   1.69250058330010e-02
 3.92375408300000e-01  -3.20629681680000e-02   9.19246161283000e-01   2.22730953293860e-02
-1.76969706340000e-01   9.84005986919000e-01   2.03455337920000e-02   2.04761251116092e-02
 7.29086791316000e-01  -5.39148401100000e-02   6.82294394484000e-01   2.40132740916490e-02
-5.19552874181000e-01  -6.04162130379000e-01  -6.04196103220000e-01   2.20503047914814e-02
-3.01616055427000e-01  -4.92210573727000e-01  -8.16551594340000e-01   2.23210130029332e-02
 5.05203468106000e-01  -3.62323889346000e-01  -7.83256570367000e-01   2.16680169897089e-02
-8.95519498767000e-01   4.20678065999000e-01   1.45171595415000e-01   1.98907792007659e-02
-5.15392547129000e-01   1.77797132654000e-01  -8.38307045171000e-01   1.76275505029850e-02
-3.66457909520000e-02   1.44814969855000e-01   9.88779910046000e-01   2.15086579684643e-02
-5.19335679636000e-01   6.38757390734000e-01  -5.67696615844000e-01   1.69784286516513e-02
-9.53441898799000e-01  -1.65680606930000e-02  -3.01121312730000e-01   2.22342872649669e-02
-3.32878816042000e-01   1.54547730276000e-01   9.30218626398000e-01   2.78353681179715e-02
-3.41873638021000e-01   9.08704457088000e-01  -2.39538358715000e-01   1.85895378091776e-02
-9.28086524797000e-01   1.30955140232000e-01  -3.48577328202000e-01   2.08501874301137e-02
-6.01185408311000e-01   7.33849890359000e-01   3.16291705952000e-01   2.04487721386634e-02
 5.78712470559000e-01  -7.30537781961000e-01  -3.62500242134000e-01   2.27976199343917e-02
 6.69839615453000e-01   2.58223893101000e-01   6.96157532891000e-01   2.15049741993233e-02
-2.35227366554000e-01  -4.04522065299000e-01   8.83759008277000e-01   2.06252599860560e-02
-7.69998147410000e-02   9.02809433728000e-01   4.23091189817000e-01   1.84989747312045e-02
-8.11291185500000e-03  -8.58373449714000e-01  -5.12961208559000e-01   2.21946349443532e-02
 1.40407545204000e-01   6.55664288702000e-01  -7.41882781692000e-01   2.44882794561512e-02
-6.94476553227000e-01   3.00292366976000e-01  -6.53855344364000e-01   2.07351380060812e-02
 5.13520582727000e-01   7.61331862056000e-01   3.95816127684000e-01   2.15578821272640e-02
-3.18454555989000e-01  -9.38027119634000e-01   1.36718025883000e-01   2.37484919749575e-02
 2.77459605384000e-01  -2.95627795790000e-01   9.14122734504000e-01   2.43317500480161e-02
-2.39263470549000e-01  -9.70934859327000e-01   6.20407963600000e-03   2.09448720796229e-02
-2.49335728790000e-02  -4.55528482731000e-01  -8.89871967400000e-01   2.27099605205758e-02
-2.91618726386000e-01  -8.07992764522000e-01   5.11963095254000e-01   2.52436587160346e-02
-2.93863180450000e-02   8.53833404938000e-01  -5.19716231152000e-01   2.28112485688406e-02
-7.17983920760000e-02  -1.47977473750000e-01  -9.86381091748000e-01   2.30978110379514e-02
 2.69700731059000e-01   1.35687905336000e-01  -9.53336408626000e-01   1.98625591166364e-02
 5.84922324121000e-01  -8.09963758580000e-01   4.27151557640000e-02   2.41807157092576e-02
 7.69974328461000e-01  -5.07391605242000e-01   3.86902174252000e-01   1.97931199833648e-02
-8.46537177768000e-01  -5.31104218406000e-01   3.60986959350000e-02   2.08353932467122e-02
-9.09054353916000e-01  -4.03322735632000e-01   1.04646799033000e-01   2.07395391175573e-02
 6.44812258529000e-01   6.75554747499000e-01   3.57551303147000e-01   2.55499871128645e-02
-9.22781398815000e-01   3.63603600950000e-01  -1.27541802467000e-01   2.21718476992352e-02
 9.96953706623000e-01  -7.58133870720000e-02   1.83204037020000e-02   2.31538589707937e-02
 8.96058221101000e-01  -2.84633934470000e-01  -3.40680477493000e-01   2.32559239993399e-02
 4.41899243066000e-01   3.64024833157000e-01  -8.19884735693000e-01   1.98693619510680e-02
 6.91730777500000e-02   5.50179206131000e-01  -8.32176619748000e-01   2.27639295360193e-02
-1.72186854775000e-01  -8.36910909412000e-01  -5.19549628766000e-01   2.20927130285820e-02
-5.92280003147000e-01   6.62363224241000e-01   4.58780292782000e-01   2.17645264470111e-02
 9.94056994970000e-01   8.42158976570000e-02   6.89809635530000e-02   2.31918955175292e-02
-3.81126320413000e-01  -6.76593379184000e-01  -6.30050892495000e-01   2.30747791273449e-02
-4.11994871893000e-01   4.27505929106000e-01   8.04673167263000e-01   1.91072237224277e-02
 1.36137327797000e-01   9.90336220949000e-01   2.64725793310000e-02   1.96207755152949e-02
-4.52439875706000e-01  -8.82979558558000e-01   1.25081005913000e-01   1.78997643562944e-02
 4.15013976502000e-01  -7.87177291664000e-01   4.56196570347000e-01   2.06474168076527e-02
-8.32695627062000e-01  -1.50826090188000e-01   5.32794034493000e-01   2.05188909719717e-02
-4.81685860216000e-01   4.12287089617000e-01  -7.73303360786000e-01   1.61186502130823e-02
 3.72890914944000e-01   8.25551334665000e-01   4.23576863609000e-01   1.79443719834185e-02
-1.06079136889000e-01   9.15139322270000e-01  -3.88930890456000e-01   1.86298514945941e-02
-7.60071365212000e-01  -4.01782068530000e-01  -5.10747187161000e-01   2.29644375202009e-02
 1.70988413478000e-01  -7.97827701318000e-01   5.78129675304000e-01   2.24321659574146e-02
 3.56902028014000e-01  -1.77900068127000e-01  -9.17045532218000e-01   2.30856886523152e-02
 4.50936325824000e-01   8.46374378991000e-01   2.83384616095000e-01   2.61595394978762e-02
 9.48475807899000e-01  -2.27966249200000e-03   3.16841356153000e-01   2.12797848511286e-02
 9.00652522269000e-01  -1.20386606226000e-01   4.17530955944000e-01   2.14066075247119e-02
-8.51152915593000e-01   4.98848128549000e-01  -1.63368475906000e-01   2.42554599869213e-02
-3.45455025790000e-02   9.65399825933000e-01  -2.58475887347000e-01   2.41253718120554e-02
 7.82961410930000e-01  -6.20979077329000e-01  -3.68295331770000e-02   2.37445428390272e-02
-8.32919501678000e-01  -5.40143529881000e-01  -1.20374710186000e-01   1.93820903980248e-02
-5.99961341164000e-01  -2.28240241041000e-01   7.66780791020000e-01   2.66065624072769e-02
-6.69092867428000e-01   3.36343961432000e-01   6.62712210817000e-01   2.18360980612378e-02
 5.45258264090000e-01   6.11017370180000e-02  -8.36038278535000e-01   2.48985928869554e-02
-2.19739319263000e-01   2.94333295218000e-01   9.30098136164000e-01   2.03985578375110e-02
-7.83467979996000e-01   4.74268069567000e-01   4.01556624289000e-01   2.14504790711950e-02
-8.00227851542000e-01   2.87844431015000e-01  -5.26099771098000e-01   2.05602051387833e-02
-3.94359926324000e-01  -9.18919719352000e-01  -8.17299793900000e-03   2.28691509480478e-02
 3.56218610079000e-01  -8.83520348948000e-01  -3.04138282413000e-01   1.99418439597131e-02
-1.67174432186000e-01  -2.79065419044000e-01   9.45608376188000e-01   2.63295577016673e-02
-4.17421064908000e-01   9.02748156511000e-01  -1.03949124514000e-01   2.24105598162584e-02
 4.89772404920000e-02   9.91617548066000e-01  -1.19565330595000e-01   2.03648359135729e-02
 4.88326711379000e-01  -2.15199327753000e-01  -8.45710513289000e-01   2.27619676982707e-02
 8.01389167832000e-01  -5.88366555690000e-01   1.07704214529000e-01   2.08208487381226e-02
-2.32240559344000e-01   5.44163159484000e-01  -8.06195248346000e-01   1.83672859764026e-02
-9.37957955141000e-01  -1.90175307469000e-01   2.89945213476000e-01   1.95355283213483e-02
 1.84622180927000e-01   7.17122237573000e-01   6.72049363282000e-01   2.48890664449914e-02
-1.10854280440000e-02  -9.84635621073000e-01   1.74269351864000e-01   2.11583032573337e-02
 4.93279276180000e-02   9.17806291938000e-01  -3.93952238268000e-01   2.35597982616891e-02
 8.86195069242000e-01  -1.65503886073000e-01  -4.32743299134000e-01   1.99497704281350e-02
 9.50720260928000e-01  -1.53653316021000e-01   2.69298429138000e-01   2.33916679497520e-02
 8.04365359040000e-01   5.89368277359000e-01  -7.51092725260000e-02   2.66192358006371e-02
 5.15360830921000e-01  -9.87563644680000e-02   8.51263998081000e-01   2.32000210176812e-02
-3.19066794266000e-01  -2.15774615135000e-01  -9.22842183832000e-01   2.03092930597505e-02
 2.58126734087000e-01  -6.87913005146000e-01  -6.78340833579000e-01   2.13209248695042e-02
 1.52271407919000e-01  -4.95910652161000e-01   8.54918734971000e-01   1.93999466159324e-02
 6.97067612496000e-01   2.86875609849000e-01  -6.57114242794000e-01   1.94093332486837e-02
-1.63815789556000e-01  -9.75186298976000e-01   1.48916316708000e-01   2.00914768732488e-02
-9.30634322000000e-04   9.54846828943000e-01   2.97097066928000e-01   2.60538804050395e-02
-4.23735569033000e-01   2.95707566596000e-01  -8.56157230066000e-01   2.48466154417765e-02
 3.88427928936000e-01  -6.07634180894000e-01  -6.92751359603000e-01   2.11907331783563e-02
 9.95978798157000e-01   4.32738320650000e-02  -7.84449429870000e-02   1.92705014612133e-02
-3.46530716119000e-01  -8.95172485814000e-01  -2.80326030592000e-01   2.19029328150235e-02
 5.03684457164000e-01  -8.22586346569000e-01  -2.63919817462000e-01   1.85687070699593e-02
-6.50909917040000e-01   7.37178595868000e-01   1.81339454319000e-01   2.45884306553548e-02
 1.46658168250000e-02   3.37810416470000e-02  -9.99321647440000e-01   1.95328010013709e-02
-7.84281992870000e-02  -7.78951269961000e-01  -6.22160699967000e-01   2.15316171937683e-02
-5.10679740456000e-01  -8.57587354940000e-02  -8.55483279775000e-01   1.84713169291738e-02
-6.44224953232000e-01  -6.56525836568000e-01   3.92362122984000e-01   1.78178090406053e-02
-1.18400210710000e-01   4.25448484028000e-01   8.97203977667000e-01   2.08094967088410e-02
-9.79699460450000e-01  -1.79403251095000e-01  -8.94619510740000e-02   2.24441605775932e-02
-7.64747454715000e-01  -6.29732431471000e-01   1.36375933585000e-01   2.03541115190019e-02
-2.31498155115000e-01  -7.37092089207000e-01  -6.34904604021000e-01   2.11918058016422e-02
-3.91726928672000e-01   7.00259297268000e-01  -5.96813982698000e-01   2.59866277087080e-02
 5.02162176480000e-01  -5.50273834609000e-01   6.67107079454000e-01   2.26570227069962e-02
-8.19705720934000e-01   5.09858193001000e-01   2.61011789191000e-01   2.07077233015919e-02
-2.00244027168000e-01  -6.36226326087000e-01   7.45062676275000e-01   2.08872660886165e-02
-2.16757776990000e-02   8.33093792869000e-01   5.52706877959000e-01   2.56016250930445e-02
 5.86682382525000e-01   1.66132209364000e-01   7.92593130835000e-01   2.32338025951509e-02
-1.88515298880000e-01   9.49100364997000e-01  -2.52330099773000e-01   2.17272505702599e-02
-6.60462720717000e-01  -3.35151028022000e-01   6.71909802696000e-01   2.10983193123365e-02
 9.22104567008000e-01   1.51067002723000e-01   3.56232968985000e-01   2.03996825810653e-02
 9.08191859938000e-01   3.91755778249000e-01   1.47359953008000e-01   2.23202963175746e-02
-4.39568441544000e-01   1.59754864890000e-02   8.98067018117000e-01   2.29645644998989e-02
 3.70626194577000e-01   1.42800903167000e-01   9.17738593472000e-01   2.38233268001084e-02
 6.58934149921000e-01   7.43601478064000e-01   1.13413526036000e-01   2.75858544544290e-02
 3.02014428669000e-01  -8.37989299563000e-01  -4.54490064461000e-01   2.07036041673292e-02
-5.74681285157000e-01   4.89425603430000e-02   8.16912508337000e-01   2.69506252236912e-02
 3.75826877803000e-01  -7.27943338262000e-01  -5.73456758789000e-01   2.42715045521971e-02
-1.35329717881000e-01  -6.64758418097000e-01  -7.34698654570000e-01   2.24021089345865e-02
-7.15514763950000e-02   2.88041368529000e-01   9.54941127108000e-01   2.50743493103080e-02
 6.29439473016000e-01  -5.13847281827000e-01  -5.82895291427000e-01   2.01731548668371e-02
-5.30011523990000e-01  -3.69987240533000e-01   7.63018496683000e-01   1.70065146501169e-02
-1.77960671445000e-01  -2.60185043938000e-01  -9.49017250807000e-01   2.31008420650150e-02
-8.09196052436000e-01   4.10048219306000e-01  -4.20787602676000e-01   2.41029783221786e-02
 3.68918376479000e-01  -9.25067782406000e-01   9.02708671140000e-02   2.54731640646043e-02
-2.62739174054000e-01   9.58211087634000e-01  -1.13135484939000e-01   2.48811544683865e-02
-7.05127904681000e-01   6.12098375161000e-01   3.57952814159000e-01   2.50601615099648e-02
 1.38920511520000e-01   4.18483405184000e-01  -8.97537036040000e-01   2.43041786719233e-02
 1.25490216567000e-01  -5.21164298408000e-01  -8.44180063500000e-01   2.14370946671372e-02
 8.27528420700000e-03  -5.13038996988000e-01   8.58325408712000e-01   2.13073852813229e-02
 3.98552989722000e-01  -4.96260340286000e-01   7.71285413477000e-01   2.44614885822190e-02
-1.64831367538000e-01   6.63424198515000e-01  -7.29862283654000e-01   2.70812089851460e-02
-1.97486004200000e-01   1.57072919211000e-01  -9.67640106752000e-01   2.22554116282902e-02
-4.91964441627000e-01   8.39966126756000e-01  -2.28971382658000e-01   2.38465107317486e-02
-3.16720762788000e-01   9.02760597818000e-01   2.91051990967000e-01   1.85383488694239e-02
 4.68422184343000e-01   6.15596617002000e-01   6.33736114129000e-01   2.24935454995782e-02
-3.19897702402000e-01   6.35926836174000e-01  -7.02326504577000e-01   1.69731059572774e-02
-5.60064266423000e-01   7.55190954165000e-01  -3.40609219229000e-01   1.94902537839239e-02
 8.22103548548000e-01  -4.09052146418000e-01  -3.96007698126000e-01   1.99484522252074e-02
 2.71579176688000e-01  -8.45053164526000e-01   4.60575618019000e-01   2.03722181581352e-02
-4.38477609547000e-01  -4.10904996142000e-01  -7.99308745149000e-01   2.41542190769625e-02
-5.67820847521000e-01  -2.05603133264000e-01  -7.97061375750000e-01   2.48070249609964e-02
 7.02309505850000e-01  -4.87231121358000e-01   5.19005965643000e-01   2.21477161095300e-02
 5.94433626250000e-01  -5.90748606150000e-01   5.45586609362000e-01   2.04009594346027e-02
 6.83857119050000e-01   5.70604587206000e-01   4.54697532196000e-01   2.10379088415112e-02
-6.54805797658000e-01  -8.33409824920000e-02   7.51188157515000e-01   2.16005203421190e-02
 6.64182073641000e-01   2.19220125550000e-02  -7.47249354914000e-01   1.95620432523523e-02
 4.35284414693000e-01  -8.03285186082000e-01  -4.06522309533000e-01   2.51013383175152e-02
 7.08400821018000e-01   4.51648873981000e-01   5.42385076688000e-01   1.95410895504219e-02
-3.71618462330000e-02  -8.96947240152000e-01   4.40573087658000e-01   2.34083902144201e-02
-6.17171967303000e-01   4.83610182130000e-01   6.20660901391000e-01   2.16120414622972e-02
 2.87035584437000e-01   9.57291521848000e-01   3.46917204030000e-02   2.10316349174576e-02
-6.90892382079000e-01   6.47218559322000e-01  -3.22142597082000e-01   2.33785421706497e-02
-3.22415901693000e-01   5.48554689365000e-01   7.71450412607000e-01   2.30128446953848e-02
 8.48732002326000e-01   3.24543640385000e-01  -4.17522949925000e-01   1.89945382463340e-02
-8.91347235809000e-01  -3.49595883374000e-01   2.88587635811000e-01   2.87311594765712e-02
 2.18917305048000e-01  -6.94961556502000e-01   6.84911416560000e-01   2.17849157524601e-02
-6.02428070368000e-01   4.28237680410000e-01  -6.73567301098000e-01   2.16855245593612e-02
 8.57720191578000e-01  -4.15806909630000e-02  -5.12432550779000e-01   2.18838404969422e-02
-7.90467028037000e-01  -5.44640853094000e-01  -2.80228868475000e-01   2.25959428882267e-02
-5.58716630129000e-01  -7.37380720301000e-01  -3.79612171229000e-01   2.16394609611622e-02
 1.00407819870000e-02  -7.01816254189000e-01  -7.12287251082000e-01   1.98105265178273e-02
 3.19120810497000e-01  -9.46067824606000e-01  -5.58352894960000e-02   1.89499154618179e-02
 4.03944478500000e-01  -1.98193495052000e-01   8.93055539599000e-01   1.86367077479696e-02
-6.33836030874000e-01   7.44153252539000e-01  -2.10921366157000e-01   2.22196928393172e-02
-9.73701966286000e-01   1.11325054958000e-01  -1.98774276480000e-01   2.09638711279681e-02
-4.75952980443000e-01   5.27609088984000e-01   7.03631586577000e-01   2.36525918579653e-02
 9.46426436518000e-01  -1.37454287292000e-01  -2.92204242209000e-01   2.16659951900880e-02
 8.63557550744000e-01   3.02160594055000e-01   4.03692125206000e-01   2.28981022700930e-02
 2.62635753660000e-01  -9.43637444868000e-01  -2.01422028444000e-01   2.08789912518537e-02
 2.36646486855000e-01   5.97523723529000e-01   7.66135653837000e-01   2.35846688983258e-02
-3.92884017087000e-01  -1.29285922232000e-01   9.10454446653000e-01   2.52130620846231e-02
 8.26007166874000e-01  -9.35224314700000e-02   5.55846844990000e-01   2.00438263039848e-02
-3.79976040608000e-01  -8.61108653540000e-02  -9.20979439202000e-01   2.43087172545458e-02
 7.99305242868000e-01  -5.45339615448000e-01   2.52419952750000e-01   2.16006379478923e-02
 6.35776977151000e-01  -1.53960897758000e-01   7.56362133694000e-01   1.87107396909823e-02
-6.21032286134000e-01  -5.68721964265000e-01   5.39327569239000e-01   1.90425343253213e-02
 9.43342044695000e-01   1.16501955864000e-01  -3.10697732516000e-01   1.68606885251187e-02
-7.44127948134000e-01   6.30965688861000e-01   2.19444517559000e-01   1.93772774884228e-02
-6.49583637495000e-01  -8.33409516750000e-02  -7.55708530899000e-01   1.78001632352047e-02
-5.31743312783000e-01   8.26963481347000e-01   1.82703174105000e-01   1.96294628011555e-02
 2.04768255828000e-01   8.98417720120000e-01  -3.88478521387000e-01   2.26487590216744e-02
 4.64098351674000e-01   2.39107538648000e-01   8.52901110877000e-01   2.11967536424249e-02
 8.53852225883000e-01   1.77482630503000e-01   4.89322278487000e-01   2.05488777893743e-02
-4.82809311442000e-01   8.75052444797000e-01   3.43276512380000e-02   2.43565073555370e-02
-7.06325482250000e-02   6.52571757646000e-01   7.54427693192000e-01   2.35260686234372e-02
-9.92534225615000e-01   2.76107525500000e-02   1.18800072922000e-01   2.07164007395641e-02
-9.32486498310000e-02  -7.37903918488000e-01   6.68432866026000e-01   2.47800215292533e-02
-7.94066875702000e-01   5.25035010750000e-01  -3.06261382480000e-01   2.29620276765091e-02
 3.03412251557000e-01   9.03343922453000e-01   3.03167879849000e-01   2.21513636498050e-02
-1.64856977560000e-02   4.31887209669000e-01  -9.01776945754000e-01   1.94063307761823e-02
-9.80904176712000e-01  -1.40072342518000e-01   1.34932334781000e-01   2.68300737683723e-02
 6.14866700393000e-01  -7.20652315652000e-01   3.20311068641000e-01   1.94884049141456e-02
 9.21815923082000e-01  -6.48809431500000e-03  -3.87573616988000e-01   2.40797589625064e-02
-4.47357533278000e-01  -5.03320948003000e-01   7.39282936852000e-01   2.04823137704529e-02
-8.75997380172000e-01  -4.30373877690000e-01  -2.17731291581000e-01   2.42174938325204e-02
-7.17607929173000e-01   3.89691527600000e-02  -6.95356214556000e-01   2.19897190054396e-02
 6.93317596582000e-01   5.22846343646000e-01  -4.95925812200000e-01   1.79803964480343e-02
-4.39409759076000e-01  -7.85113981664000e-01   4.36480353996000e-01   1.74298687715161e-02
 8.60840689366000e-01   4.19565137770000e-01   2.87955556814000e-01   1.90201485118582e-02
-7.62925955768000e-01  -6.46195637287000e-01  -1.93696764860000e-02   2.41932742035451e-02
-5.63642152562000e-01  -3.44682302008000e-01  -7.50667459357000e-01   1.69910023649065e-02
 7.95595610847000e-01   4.65285757197000e-01  -3.87990706269000e-01   2.00867838157520e-02
-7.19514635667000e-01   5.36074425417000e-01  -4.41500735531000e-01   1.90448588396112e-02
 6.93678805190000e-02   9.84035872853000e-01   1.63894777497000e-01   2.05634177384506e-02
-8.28333548977000e-01  -4.20343640048000e-01  -3.70371105664000e-01   1.84973000045265e-02
 8.72599241323000e-01  -4.88383704848000e-01   7.20561456500000e-03   2.14041264795188e-02
-1.47144802189000e-01  -5.25707804835000e-01   8.37842294900000e-01   2.45551966144687e-02
 4.98823542419000e-01  -7.10671641760000e-01  -4.96105725756000e-01   1.70504237319867e-02
 3.72962501987000e-01   4.99991791028000e-01  -7.81605514960000e-01   2.58894357669156e-02
-3.50559753157000e-01   8.19247109132000e-01   4.53808366654000e-01   2.06365168998472e-02
 6.38571360700000e-01  -7.37570164697000e-01  -2.19583399743000e-01   2.37881105083363e-02
 9.36631978759000e-01  -3.44885778740000e-01   6.14356247560000e-02   2.19618508892331e-02
 6.37618025881000e-01  -3.05770094560000e-01   7.07069941622000e-01   2.34421202681615e-02
 5.60418565264000e-01   6.60153012528000e-01   5.00129015113000e-01   1.92238302443058e-02
 5.29489114127000e-01  -2.53179213857000e-01   8.09655212848000e-01   2.40607958856773e-02
-1.87264087831000e-01   1.51457142649000e-01   9.70563184625000e-01   1.87082950257344e-02
-9.36401432080000e-01   2.54135994277000e-01  -2.42006723895000e-01   2.45329967435382e-02
-8.48655597258000e-01  -2.80830822070000e-01  -4.48238470704000e-01   2.43252364276576e-02
 7.49481157784000e-01  -6.35674050181000e-01  -1.84922946260000e-01   2.12871722634533e-02
-5.49323662807000e-01  -8.35331097452000e-01   2.15747794790000e-02   2.55589656589693e-02
 5.83960330398000e-01  -9.80366939280000e-02  -8.05840641297000e-01   2.22388245583854e-02
 3.77205543332000e-01  -3.28971334102000e-01  -8.65733122515000e-01   2.06677772526170e-02
-4.13364285596000e-01  -8.16297354150000e-01  -4.03470689147000e-01   2.24265588697870e-02
-8.44090773620000e-01  -5.00863929018000e-01   1.91431686246000e-01   2.39511414142856e-02
-5.55896544895000e-01   3.95676347169000e-01   7.31039848206000e-01   2.01155818296204e-02
-3.32303887331000e-01  -8.65214606502000e-01   3.75470120196000e-01   2.13211677646550e-02
 5.45192299855000e-01  -7.06538872505000e-01   4.51185303194000e-01   2.19554986442284e-02
 4.58011219527000e-01  -5.91240633040000e-02  -8.86978053802000e-01   1.94064396337751e-02
 5.11716621221000e-01  -4.96734406908000e-01  -7.01000020371000e-01   2.04607681093423e-02
 8.73690775616000e-01   4.06284976056000e-01  -2.67576058038000e-01   2.63179333080782e-02
-9.44981598707000e-01  -2.79755264740000e-01   1.69548724431000e-01   1.66922149249334e-02
 6.19593190062000e-01  -4.52795628274000e-01   6.41155517674000e-01   2.32587468553964e-02
-6.71782235697000e-01  -3.77103007597000e-01  -6.37575053985000e-01   2.44551325338512e-02
 3.21716764871000e-01  -2.02222589420000e-02  -9.46619978368000e-01   2.36448716753372e-02
-3.89549863820000e-02  -3.10887025748000e-01  -9.49648232904000e-01   2.04699105627495e-02
-1.56302348590000e-01   9.45856030692000e-01   2.84474858342000e-01   2.00098354193400e-02
 8.65825146573000e-01   4.98943001804000e-01   3.74525902050000e-02   1.75439047721670e-02
-9.61749561702000e-01  -2.73261201478000e-01   1.91336440100000e-02   2.41317852711782e-02
-4.23714769637000e-01  -8.93893791191000e-01  -1.46354651657000e-01   2.04964028353168e-02
-9.71172131370000e-01   2.22556721635000e-01  -8.54002160760000e-02   1.89274982425724e-02
-1.72502710134000e-01   5.51796338438000e-01   8.15943390121000e-01   1.93490365930093e-02
 8.33198845471000e-01   9.61838678220000e-02  -5.44544164854000e-01   1.89542274507111e-02
-8.38511038708000e-01   3.29045982715000e-01   4.34313227088000e-01   2.13592133853089e-02
-4.94381101165000e-01  -6.02048901142000e-01   6.26996369562000e-01   1.85941761373211e-02
 4.87925215670000e-02   2.98635215443000e-01  -9.53119246441000e-01   2.15962181370683e-02
 9.69208902122000e-01   1.20088263255000e-01   2.14971889034000e-01   2.30962919085370e-02
-9.56286881516000e-01  -1.65783795998000e-01  -2.40896519746000e-01   2.34281420145621e-02
 2.07025501375000e-01   2.81170048273000e-01  -9.37061281739000e-01   2.05817817374920e-02
-9.97242222434000e-01  -7.39087716690000e-02   6.74116199100000e-03   1.78128601223599e-02
 9.18220948995000e-01   2.65174683507000e-01  -2.94198361744000e-01   2.17222658778387e-02
-1.56933249857000e-01  -5.40736132503000e-01  -8.26423856199000e-01   2.11379056625947e-02
 9.74221781031000e-01  -1.31497807400000e-03  -2.25588546247000e-01   2.23587009444118e-02
 5.57981238728000e-01  -8.21672070636000e-01  -1.16240894546000e-01   2.18865608560116e-02
 7.73686920751000e-01   6.28962262252000e-01   7.62562870900000e-02   2.15109046194407e-02
-2.50026405989000e-01  -1.37057972192000e-01   9.58489388865000e-01   2.26808354661608e-02
-4.20131904805000e-01  -5.49421115268000e-01  -7.22236540658000e-01   1.97208489811046e-02
-6.10772036220000e-01  -6.31530954486000e-01  -4.77625557626000e-01   2.36449455449634e-02
-1.04170943073000e-01  -1.42397083933000e-01   9.84312696813000e-01   1.69186412499848e-02
 1.15899660942000e-01  -8.80970155531000e-01   4.58757946696000e-01   2.22893212647670e-02
 9.39789912620000e-02  -7.79191888536000e-01  -6.19699887076000e-01   2.37335285684273e-02
 6.50180259310000e-02  -1.00852797711000e-01  -9.92774581412000e-01   2.19666928057161e-02
-1.02513209372000e-01  -9.49431788964000e-01   2.96766440165000e-01   2.47290683348075e-02
-9.04329619369000e-01  -2.97729969459000e-01  -3.05850951966000e-01   2.29279556147384e-02
-4.31416433025000e-01  -8.60857628387000e-01   2.69822172857000e-01   2.49814815298862e-02
-7.37602133501000e-01   4.07351488532000e-01   5.38523776119000e-01   2.41863310267447e-02
 2.21761883035000e-01   9.59790557495000e-01   1.72115522183000e-01   2.58735674169851e-02
 6.15473626714000e-01   6.45761159399000e-01  -4.51868055776000e-01   1.99885665425351e-02
-6.84789206104000e-01  -6.46782345783000e-01  -3.35762327229000e-01   1.92500337893551e-02
-8.79580762008000e-01   2.73908059256000e-01  -3.88988506488000e-01   2.19059174961538e-02
 3.59020829170000e-02   4.01435245002000e-01   9.15183470411000e-01   1.98060377697388e-02
-9.03884115000000e-03  -5.85394527436000e-01  -8.10698184652000e-01   2.17371654186801e-02
 8.26714552494000e-01  -2.36125438527000e-01   5.10673893962000e-01   2.31283097948255e-02
 3.30444433207000e-01   3.07338984942000e-01   8.92384012013000e-01   2.08368892258020e-02
-4.66882474865000e-01  -2.52763233133000e-01   8.47426399542000e-01   2.20150199665487e-02
 2.25198548839000e-01   8.70589414154000e-01   4.37446780265000e-01   2.50925690114948e-02
-9.08651956347000e-01  -4.14349125041000e-01  -5.16374360810000e-02   2.40414052295317e-02
 1.59261461080000e-02  -9.94048877607000e-01  -1.07764496933000e-01   2.05782370597900e-02
 3.30921344311000e-01   6.74403383772000e-01   6.60053891615000e-01   1.79577628238321e-02
-2.61247298914000e-01   2.90771298819000e-01  -9.20435712363000e-01   1.97622852973523e-02
 6.77991891856000e-01  -7.32032263689000e-01  -6.67514756120000e-02   2.03012027390527e-02
 3.89623240789000e-01  -4.72122082140000e-01  -7.90755632160000e-01   2.33537360653498e-02
 3.66762447018000e-01  -6.31917041193000e-01   6.82763619789000e-01   1.93346894217698e-02
-8.06897097068000e-01  -3.82187616787000e-01   4.50388388303000e-01   2.17655145825070e-02
 1.86646140336000e-01   3.61723199137000e-01   9.13410940105000e-01   2.52735934248572e-02
 1.41893185911000e-01  -9.69952830118000e-01   1.97630542019000e-01   2.53605985949434e-02
 8.05924572443000e-01   5.06772344260000e-02   5.89845235162000e-01   2.11676332862820e-02
-3.01088096786000e-01  -5.20295341888000e-01   7.99148744091000e-01   1.89940374639321e-02
 1.38031575834000e-01  -6.48907913599000e-01  -7.48241808336000e-01   2.28551065181024e-02
-5.47527513511000e-01  -7.66704361475000e-01   3.35228346123000e-01   2.39067361779115e-02
 6.23917987806000e-01  -3.91563335277000e-01  -6.76316862837000e-01   2.36058065909107e-02
-5.83596718890000e-01  -4.73760376902000e-01   6.59519503107000e-01   2.77082722675975e-02
-6.79197381148000e-01  -2.34029114022000e-01  -6.95644514988000e-01   2.20732932772091e-02
 2.55155958913000e-01  -4.30129166711000e-01  -8.65958622900000e-01   2.17998950736738e-02
 9.37427974195000e-01   3.15786938218000e-01  -1.46654024311000e-01   1.77224542487791e-02
 4.95147336460000e-01   6.80015930170000e-02   8.66143693935000e-01   2.02671822882288e-02
 9.34018492880000e-01   3.57221741236000e-01   1.44310311800000e-03   2.51901481102619e-02
-4.67933251930000e-02   1.68873763015000e-01  -9.84526300757000e-01   2.07830771905788e-02
-4.91095397560000e-01   7.64305035803000e-01   4.17927173969000e-01   2.07738588422369e-02
 5.79205722620000e-01   5.55886842135000e-01  -5.96247054185000e-01   2.70409882542225e-02
 7.53943419335000e-01   3.89171625603000e-01  -5.29258695032000e-01   2.70501928570243e-02
-4.48367366030000e-02  -6.34531240679000e-01   7.71595601111000e-01   2.04675133526045e-02
-4.98218979333000e-01   2.95273798359000e-01   8.15224651636000e-01   2.54900770041097e-02
 7.93874301520000e-01   4.38611100494000e-01   4.21169675914000e-01   2.28470741120376e-02
 4.18221584480000e-01  -8.94478378650000e-01  -1.58111152051000e-01   2.62153547683191e-02
-7.23419253806000e-01  -1.90500052435000e-01   6.63607047314000e-01   1.78768150905397e-02
-2.47666885921000e-01  -7.31122611343000e-01   6.35704995105000e-01   1.90612070937489e-02
-9.10931545392000e-01  -1.49962224292000e-01  -3.84337157838000e-01   1.88483338900822e-02
 9.46132478784000e-01  -2.60374173347000e-01  -1.92454208692000e-01   2.12834012349957e-02
-7.26259418086000e-01  -5.29807701087000e-01   4.38008056444000e-01   2.71745801114927e-02
-1.04650998204000e-01  -9.11751229776000e-01  -3.97187441364000e-01   2.19293459732282e-02
-6.49111380128000e-01  -5.10495693761000e-01  -5.63957944212000e-01   1.81366618415181e-02
 1.34772411140000e-02  -8.22178472338000e-01   5.69070227297000e-01   2.09129554459251e-02
-7.55389016073000e-01   6.27871291798000e-01  -1.87523532744000e-01   1.87368155982999e-02
 2.06183893458000e-01  -9.18185138032000e-01   3.38266543388000e-01   2.30177836190605e-02
 7.37732282419000e-01   1.37971009247000e-01  -6.60844217712000e-01   2.54633364605199e-02
-1.64131121550000e-02   5.35143778100000e-01   8.44601531203000e-01   2.41255655198695e-02
 4.11781020193000e-01  -3.48432039721000e-01   8.42040085212000e-01   2.21908164399332e-02
 2.00561786723000e-01   9.73203048402000e-01  -1.12475758666000e-01   2.53986175781790e-02
-2.62181572293000e-01  -8.75787950000000e-01  -4.05285442354000e-01   2.16169406018666e-02
-2.67416864372000e-01   4.29126822305000e-01   8.62750480167000e-01   2.45090771430521e-02
-1.25116699777000e-01   7.51143020169000e-01   6.48174339733000e-01   1.98259730065321e-02
 6.21373208990000e-01   7.68824481838000e-01  -1.51010765433000e-01   2.79351737915874e-02
-7.04703051866000e-01  -4.33655993129000e-01   5.61547939461000e-01   1.81057874461685e-02
-8.62361400440000e-02   9.84208683106000e-01   1.54585239431000e-01   1.97095426028545e-02
-7.10806346953000e-01   1.98067803701000e-01   6.74924797492000e-01   2.34399703700719e-02
 1.11305184195000e-01  -3.74194991865000e-01   9.20646112268000e-01   2.72503592014292e-02
-8.19658572552000e-01  -4.66811585099000e-01   3.32034288077000e-01   1.50173808903247e-02
 5.21233543103000e-01   8.41673638141000e-01   1.41071189131000e-01   2.05686836653378e-02
-3.29790004879000e-01   8.04985119491000e-01  -4.93191149636000e-01   1.78547346802743e-02
 2.66040572886000e-01  -5.63364438273000e-01  -7.82203888553000e-01   2.13076295805026e-02
 7.13739564721000e-01  -6.60529759327000e-01   2.32972682508000e-01   2.32677516404292e-02
 1.37066343421000e-01   5.05683754861000e-01   8.51760974436000e-01   2.21135871605149e-02
 9.62698705977000e-01   2.43549624417000e-01   1.17876129719000e-01   1.91906031331673e-02
 5.77090834195000e-01   3.26444554496000e-01  -7.48598772326000e-01   2.62814530966090e-02
-1.79658331140000e-01   8.41901807672000e-01  -5.08845978947000e-01   2.38445025476100e-02
 6.42212294837000e-01   3.94867598342000e-01   6.56995394307000e-01   2.32505641197363e-02
 3.61125125542000e-01   8.55378399823000e-01  -3.71371023127000e-01   2.18263455530114e-02
-6.91948759077000e-01   5.76127711260000e-02   7.19644136650000e-01   1.80369529172007e-02
-4.46104219840000e-01   5.27566441430000e-02  -8.93424737479000e-01   2.16266138877088e-02
-2.57452211740000e-01  -9.28421032558000e-01   2.67867028530000e-01   2.07678031023114e-02
 5.75126638010000e-02   7.65790216059000e-01  -6.40513574010000e-01   2.64907085124672e-02
 6.22237767001000e-01  -6.22174630850000e-01  -4.75098821345000e-01   2.31401405726782e-02
 2.21529458413000e-01  -9.72807659343000e-01   6.76014569220000e-02   2.06131456679666e-02
 2.62449186516000e-01  -5.72890610504000e-01   7.76477155422000e-01   2.24014947108354e-02
-7.73156127278000e-01  -2.59513464171000e-01  -5.78690214852000e-01   1.84598838592723e-02
-9.42261180105000e-01   2.77377521443000e-01   1.87631498061000e-01   2.12284538370637e-02
-5.60842784080000e-01   8.22359953368000e-01  -9.58095957700000e-02   1.94290646324810e-02
 2.20727441467000e-01   5.27943267087000e-01  -8.20094691680000e-01   1.93235083850398e-02
 8.88393289429000e-01   2.75301852600000e-02   4.58256971793000e-01   2.40128304882366e-02
-6.11872179364000e-01   6.51465224277000e-01  -4.48559358033000e-01   2.34745130501671e-02
-5.34426718592000e-01   6.08112706471000e-01   5.87015347912000e-01   2.27985666263221e-02
 4.84307522690000e-02  -9.26043289942000e-01  -3.74297057679000e-01   2.10781587560612e-02
 5.16671621706000e-01   4.65479198796000e-01  -7.18595540490000e-01   1.97295344754184e-02
-8.76294804518000e-01   3.92602803607000e-01  -2.79231900351000e-01   1.87620983464131e-02
 6.23299006450000e-02  -7.30348709287000e-01   6.80224776326000e-01   2.07976416266006e-02
-4.72756614334000e-01   1.58255776024000e-01   8.66865787165000e-01   1.62363818833716e-02
-3.97141166215000e-01   9.03732511066000e-01   1.59832545306000e-01   2.10843773337287e-02
 3.48174352084000e-01   9.31918119070000e-01  -1.01504876233000e-01   1.89617955972686e-02
 9.24798415675000e-01   2.75607814570000e-01   2.62275090151000e-01   2.35829400944824e-02
-2.19751264553000e-01  -1.04212973568000e-01  -9.69973730504000e-01   1.97844472091134e-02
-6.65263766100000e-03  -2.84259488829000e-01   9.58724301049000e-01   1.99563640810725e-02
-3.26232594975000e-01  -7.85743475362000e-01  -5.25527815536000e-01   2.17973878156963e-02
-8.63389579447000e-01   3.62859936100000e-03   5.04524793611000e-01   1.86624413939369e-02
-4.93392914548000e-01  -8.25942891172000e-01  -2.72730219075000e-01   2.12737616679620e-02
-3.81187204503000e-01   6.42331406594000e-01   6.64911031061000e-01   1.91236475885258e-02
-3.20270759297000e-01  -2.71820837584000e-01   9.07491087006000e-01   1.74783343880029e-02
-2.29459709182000e-01   8.84521228097000e-01   4.06165531413000e-01   2.53116115305422e-02
 4.41095357636000e-01   5.92584908665000e-01  -6.74001492205000e-01   1.91684234066413e-02
 8.10191530260000e-01   5.38452750570000e-01  -2.31642655179000e-01   1.66077716345453e-02
 3.80635042403000e-01   5.45460438796000e-01   7.46719407946000e-01   2.35633918487670e-02
 2.38358287617000e-01  -2.87381731168000e-01  -9.27683710817000e-01   2.23470721877571e-02
-1.70643627814000e-01  -4.05776706137000e-01  -8.97900894889000e-01   2.24746864383541e-02
-4.49160024028000e-01   8.39553444787000e-01   3.05622784101000e-01   2.54707607471978e-02
 4.69034631012000e-01  -8.65191312536000e-01   1.77342909706000e-01   2.26519176159070e-02
 2.81285052200000e-01  -4.30085511416000e-01   8.57849154734000e-01   1.92954992080328e-02
-8.67244600824000e-01   1.65560326378000e-01   4.69549337846000e-01   2.58729188768733e-02
 3.58835162530000e-01   2.53018500092000e-01  -8.98453651973000e-01   2.51246445818652e-02
 1.74628505204000e-01   1.57595093450000e-02  -9.84508264585000e-01   2.23084960508266e-02
-8.96694473193000e-01   9.44791856000000e-04  -4.42648990864000e-01   2.41711420041090e-02
 7.67834702786000e-01  -1.67432243710000e-02  -6.40429179250000e-01   2.11150272597446e-02
 7.30103896815000e-01  -5.21054542746000e-01  -4.42097798387000e-01   2.22957649726234e-02
 7.39954064544000e-01  -2.02192358513000e-01   6.41549867527000e-01   2.25387854499063e-02
-7.57889605408000e-01  -1.08301604324000e-01  -6.43330481569000e-01   2.47576684283062e-02
 8.26548726295000e-01   5.31904304518000e-01   1.84105985494000e-01   2.55766866794743e-02
-3.98811493773000e-01  -7.14195441940000e-01   5.75216709724000e-01   2.09238824131762e-02
-4.74434661644000e-01   7.47197703626000e-01  -4.65410940488000e-01   2.27181897591468e-02
-1.51158170931000e-01   5.48802096300000e-03   9.88494354555000e-01   2.80180277537100e-02
 5.22804615306000e-01  -4.05725592169000e-01   7.49707995205000e-01   1.85774796061581e-02
-8.24758423800000e-02   5.56085234623000e-01  -8.27022942401000e-01   2.27170764716370e-02
 1.56771908091000e-01  -2.32495618515000e-01   9.59879344608000e-01   1.65357409380222e-02
-6.13358221493000e-01   7.88646712868000e-01   4.27557529420000e-02   2.10747107989606e-02
 3.21969025817000e-01  -7.49512695736000e-01   5.78417379878000e-01   2.33351226087781e-02
-7.96703237993000e-01   1.00826756216000e-01   5.95900927842000e-01   2.07972874666940e-02
