 0.00000000000000e+00   0.00000000000000e+00   1.00000000000000e+00   1.57005547459366e-03
 9.59658603288000e-01   0.00000000000000e+00  -2.81167859356000e-01   1.16906401372223e-02
 3.72926056340000e-01  -8.00624747050000e-01   4.68962867308000e-01   3.42699595179130e-02
 4.29974906246000e-01   6.19027683159000e-01   6.57211006817000e-01   1.93240355641440e-02
 9.16390274627000e-01   3.72603011782000e-01  -1.46273238087000e-01   3.00425882266273e-02
-1.27995114849000e-01  -4.00094255913000e-01  -9.07492058897000e-01   1.87113765405576e-02
-3.98848501045000e-01   2.09616285351000e-01   8.92737859693000e-01   2.28861226727701e-03
 1.33693390709000e-01   9.13546270625000e-01  -3.84134466963000e-01  -4.39371523793875e-04
 2.68637043943000e-01  -7.72041003760000e-01   5.76009398478000e-01   1.04541356732833e-02
-4.78566181103000e-01   8.53553205657000e-01   2.05964403279000e-01   6.42783526650159e-03
 6.43894490830000e-02  -4.25647482416000e-01   9.02595268966000e-01   1.06375650251028e-02
 6.29057534245000e-01  -5.26208638416000e-01   5.72180991878000e-01   1.52999930708593e-02
 3.38487440772000e-01  -1.64238610261000e-01  -9.26526810912000e-01   1.40948951529564e-02
 4.14482433598000e-01  -5.89702688825000e-01   6.93148650025000e-01   1.37548523158575e-02
-7.42757432327000e-01   6.98570676930000e-02  -6.65906439987000e-01   2.15341962783229e-02
 5.40094022207000e-01  -3.56518886586000e-01   7.62359974476000e-01   8.00660716630935e-03
 5.38903653013000e-01   8.28601738216000e-01   1.51664142745000e-01   3.14212999069760e-02
-5.02808891624000e-01   5.48835151240000e-01   6.67804758344000e-01   3.44500658432416e-02
 5.07330642580000e-01  -8.56941206875000e-01   9.09251728620000e-02   2.16222857147732e-02
-4.11619280108000e-01   2.01008421205000e-01  -8.88912359487000e-01   4.11901762330094e-02
 7.12755152703000e-01   5.38836186808000e-01  -4.49038590859000e-01   2.24870329420423e-02
-2.44272372339000e-01  -9.56085994524000e-01  -1.61958572442000e-01   2.87986565585263e-02
-4.46041322650000e-02  -7.97307326361000e-01  -6.01923166787000e-01   8.70391368173887e-03
 7.61611913701000e-01   6.17620764704000e-01  -1.96193485917000e-01   1.57817120149484e-02
 2.02784324099000e-01  -2.01693908362000e-01  -9.58226531270000e-01   2.63797274576655e-02
 4.76742730392000e-01   2.38951222238000e-01   8.45942481739000e-01   2.34419605796769e-02
-2.08817965847000e-01  -9.33082123819000e-01  -2.92835802710000e-01   2.26332372540193e-02
 4.51470845022000e-01   7.97243103979000e-01   4.00721236339000e-01   1.64139985324405e-02
-6.17310708098000e-01   4.49764162965000e-01  -6.45476325964000e-01   4.46011903738709e-03
 5.82110700603000e-01  -7.37892242990000e-02  -8.09754458229000e-01   5.74062329087055e-03
-1.00746930848000e-01  -2.28168545148000e-01   9.68395152265000e-01   5.04685072831395e-03
 8.86881019504000e-01   2.42777363680000e-02   4.61359565590000e-01   1.39395885727964e-02
 8.35506445715000e-01   4.96835929123000e-01   2.34697760325000e-01   1.47543955408999e-02
-7.64124188205000e-01  -6.43497166408000e-01  -4.50069086460000e-02  -1.06609351656236e-02
 6.61436791809000e-01   5.93659298053000e-01   4.58333948423000e-01   2.99119218828134e-02
-8.36653366911000e-01  -2.94210031056000e-01   4.62008226401000e-01   4.94110854059006e-02
 7.07391823061000e-01  -6.23576463799000e-01  -3.32790027587000e-01   3.22221008897864e-02
 6.88450541683000e-01  -7.69784219520000e-02  -7.21186643117000e-01   3.48005050066654e-02
 2.41368662919000e-01   3.58526083053000e-01   9.01776145355000e-01   1.22996333104976e-02
-4.00473917863000e-01   3.61871088249000e-01   8.41825371797000e-01   2.61902829674203e-02
 4.87866281521000e-01  -5.00930652229000e-01  -7.14881090120000e-01   3.23670039874173e-02
-8.14413141636000e-01  -5.61463898572000e-01  -1.46593060308000e-01   3.69824855100682e-02
 3.11574382009000e-01  -4.05301446416000e-01   8.59448743096000e-01   7.54277746400085e-03
 2.45485025796000e-01  -4.99950110950000e-02  -9.68110324796000e-01   2.58610667860677e-02
-2.19009389743000e-01  -3.22180916697000e-01   9.20996386595000e-01   3.31230728861020e-02
-8.17766401258000e-01  -4.96928524175000e-01  -2.90379329214000e-01   2.01306097344882e-02
 1.68859074556000e-01   9.72655481051000e-01   1.59461368741000e-01   2.61132490901452e-02
 9.46293823934000e-01  -2.09798286550000e-02   3.22626479965000e-01   2.34309146211273e-02
-6.01170480712000e-01   2.61856904900000e-02   7.98691656858000e-01   2.83174745431867e-02
-6.66002761317000e-01  -7.45947494703000e-01  -1.63005045100000e-03   3.26677242228091e-02
-1.88141863444000e-01  -9.08608335567000e-01   3.72872004525000e-01   2.22664793279813e-02
 4.14654292613000e-01   5.00369023989000e-01   7.60060956404000e-01   1.79644706854296e-02
 2.86705720978000e-01   1.04530691758000e-01  -9.52298883775000e-01   2.38176581700407e-02
-1.76264679964000e-01  -7.77402197827000e-01   6.03801776588000e-01   2.23208729696739e-02
-8.93490837502000e-01  -2.48179489290000e-02   4.48395130116000e-01   4.18174008355261e-02
 4.44129597447000e-01  -2.65724864582000e-01  -8.55651329114000e-01   2.40853299396138e-02
 1.41069208372000e-01  -7.33632268413000e-01   6.64742937678000e-01   1.82912714549001e-02
 7.90590184322000e-01   5.24666195808000e-01  -3.15741260260000e-01   2.89617969874464e-02
 1.87735138003000e-01  -4.91035812065000e-01   8.50669941416000e-01   3.39695283889443e-02
 9.65907066479000e-01  -1.40525352809000e-01  -2.17430826111000e-01   1.05157142516531e-02
-3.72017956013000e-01   9.05273959603000e-01  -2.05138242335000e-01   3.29620919922728e-03
-8.39095583452000e-01   5.42830780561000e-01  -3.54026200640000e-02   2.22962844916889e-02
-5.12906024281000e-01   2.74040020319000e-01   8.13529026845000e-01   2.85869342150084e-02
-4.21259397831000e-01  -7.04013711388000e-01  -5.71756253938000e-01   2.20160482709879e-02
-1.79124143740000e-02   9.99079679162000e-01  -3.89735820380000e-02   1.83153251629588e-02
-6.19346541722000e-01  -3.71494010756000e-01  -6.91666148680000e-01   1.44522929692695e-02
 4.65650110964000e-01  -1.21615958708000e-01  -8.76572605519000e-01   2.69452492734046e-02
-8.91219165612000e-01   4.48344983607000e-01   6.86671283840000e-02   1.19091483896878e-02
 6.64394565010000e-01   6.71805049940000e-01   3.27502422679000e-01   1.69730007429737e-02
 7.45863096240000e-01  -1.59385950342000e-01   6.46749070738000e-01   3.02266531188869e-02
 5.75412858221000e-01  -2.11553470176000e-01  -7.90028589261000e-01   2.11639886128264e-02
-1.17138536318000e-01   6.26926158950000e-01   7.70222146224000e-01   1.96659804027717e-03
 9.93409512756000e-01   1.02082003334000e-01  -5.21229753680000e-02   3.41272130339664e-03
-5.33171535221000e-01   1.16154165278000e-01  -8.37995419987000e-01   2.43985414921977e-02
 2.35435316800000e-03  -9.91444369212000e-01   1.30508696181000e-01   1.93149039908993e-02
-4.69242805260000e-01  -8.79509489257000e-01  -7.92101509780000e-02   3.04038864091496e-02
 4.47406677545000e-01  -7.83007750042000e-01  -4.32118187840000e-01   1.61354374151888e-02
 1.50941353574000e-01  -9.76541628499000e-01   1.53568081287000e-01   1.98379790870482e-02
-6.41128732420000e-01  -5.84441863304000e-01  -4.97374765025000e-01   1.32942753391097e-02
-8.16417234411000e-01  -2.88005044890000e-02  -5.76743816870000e-01   1.40128069856954e-02
-3.90335700683000e-01   4.74469873030000e-02   9.19449196078000e-01   3.12849126838916e-02
-9.75557827944000e-01  -2.16238804800000e-01  -3.90858495500000e-02   1.41880573946065e-02
 1.67153146177000e-01  -3.43175257887000e-01  -9.24278403998000e-01   1.91025141541601e-02
-7.88878781520000e-02  -3.67925111997000e-01   9.26503003040000e-01   2.03171450096245e-02
 9.67850365500000e-02  -9.95260267183000e-01   9.46875213600000e-03   1.59046335559305e-02
 7.53209826911000e-01   6.22091433796000e-01   2.13722260519000e-01   3.97018461515764e-02
-4.92580574989000e-01  -4.48487566630000e-02   8.69110445323000e-01  -1.68016550161715e-03
-8.69478810506000e-01   3.24010381437000e-01  -3.72859049511000e-01   1.34586393036251e-02
 1.83243975046000e-01   9.52406520236000e-01  -2.43605143256000e-01   4.34214131650250e-02
 5.18261106146000e-01  -6.20658981196000e-01   5.88377306596000e-01   3.11867347003149e-02
-1.01176834324000e-01  -7.06356489898000e-01   7.00588151038000e-01   1.99345795275924e-02
 3.96593184180000e-01   6.30755693705000e-01  -6.66979085970000e-01   1.68642313516671e-02
 5.71800411870000e-02   7.66297710116000e-01   6.39936139283000e-01   5.91947081834415e-03
-4.66309571043000e-01  -8.20578398109000e-01   3.30464032097000e-01  -7.24149587709327e-04
-2.77516654223000e-01   1.13084715940000e-01  -9.54042113143000e-01   2.43689064027770e-02
 4.39742836653000e-01   8.60974341599000e-01   2.55635327609000e-01  -9.03597164741169e-04
-1.24037942229000e-01  -8.26840791210000e-02   9.88826542902000e-01   3.35164324569441e-02
 4.28996606353000e-01  -3.11683457400000e-01   8.47829778977000e-01   1.63135878654862e-02
-1.07209702482000e-01  -9.81957178634000e-01  -1.55776054073000e-01   1.45767652941548e-02
 4.72025245714000e-01  -8.79828599506000e-01  -5.56219641890000e-02   2.72915950871990e-02
 4.98065389956000e-01   6.55980174853000e-01  -5.67116282193000e-01   1.69439333619972e-02
-8.20402312623000e-01  -2.89871758819000e-01  -4.92863478949000e-01   2.30261405763220e-02
-6.95088358145000e-01  -5.76113051770000e-02   7.16612246537000e-01  -4.53625779791397e-03
 2.37942293684000e-01   1.91863995286000e-01   9.52140573754000e-01   3.27840079153340e-02
-3.53053365042000e-01   7.32166822550000e-01   5.82481815501000e-01   3.83576229595248e-02
 8.29002438937000e-01  -2.14845862400000e-01   5.16329557208000e-01   1.06531087791381e-02
 2.90876527147000e-01  -1.10005816407000e-01   9.50415470366000e-01   1.92029179791750e-02
 6.27044458207000e-01   3.99456232620000e-02   7.77958607263000e-01   2.97349224447931e-02
 9.14301567902000e-01  -4.01290477418000e-01  -5.49417479340000e-02   2.13324084486733e-02
 3.81141575426000e-01  -7.34598763074000e-01  -5.61333908447000e-01   1.24063649484753e-02
 2.93461420984000e-01  -9.38564647510000e-01   1.81595145417000e-01   1.57049136113704e-02
 4.24661638359000e-01  -8.83567924835000e-01  -1.97408751350000e-01   1.49094381894015e-02
-6.75057202022000e-01  -2.17079381372000e-01   7.05105890049000e-01   1.51531823765988e-02
 7.80129985617000e-01   1.80673591234000e-01  -5.98960982845000e-01   2.22550769869250e-02
-2.39029311264000e-01   6.86915005009000e-01   6.86303696806000e-01   2.88338503466676e-02
 8.94174268861000e-01  -3.97729349772000e-01  -2.05581471047000e-01   1.10893980828521e-02
-8.76598162252000e-01   3.61492412545000e-01   3.17645868238000e-01   1.16607101272857e-02
 7.42454493591000e-01  -2.97611450894000e-01   6.00157270424000e-01   2.15734888796587e-02
 2.02940637711000e-01   9.31518973034000e-01   3.01807058305000e-01   3.99854282036168e-03
-6.41836581623000e-01   2.49861416770000e-02  -7.66434273251000e-01   1.19295466850421e-02
 2.41992471333000e-01  -8.62435969736000e-01   4.44571526217000e-01   1.33454764424337e-02
-3.84016823825000e-01  -8.97210416704000e-01   2.18047121462000e-01   2.39708993407217e-02
-5.72480783662000e-01   8.16247508129000e-01  -7.74968245250000e-02   1.27315358088914e-02
-8.15015886820000e-01   5.66192785945000e-01   1.23186173634000e-01   2.53447140641240e-02
 3.35492254913000e-01  -9.38242838167000e-01  -8.45300155060000e-02   1.95760774708935e-02
-9.84355111115000e-01  -5.67146484360000e-02   1.66818655658000e-01   1.21466882837842e-02
-3.91329516529000e-01   5.02651899584000e-01   7.70845170795000e-01   3.01419689765526e-02
-3.27781698190000e-01  -1.93828599629000e-01  -9.24656494217000e-01   1.20287536148765e-02
-1.58989930470000e-01   5.06695561348000e-01  -8.47338073097000e-01   5.29624481139453e-04
-1.57701784813000e-01   3.70096884375000e-01   9.15509936179000e-01   2.46285553147658e-02
-7.62471979302000e-01   5.88203717306000e-01   2.69541959120000e-01   1.44560619803154e-02
 2.22694489993000e-01  -5.80436312450000e-01  -7.83262951579000e-01   2.54404949566982e-02
-5.04639566545000e-01   1.19314468389000e-01   8.55045592650000e-01   2.68581134408844e-02
 8.52340214607000e-01  -3.91510346919000e-01  -3.46750352300000e-01   2.92672064275446e-02
-7.40487374011000e-01  -4.06874879889000e-01   5.34912405022000e-01   2.75320483774548e-02
 5.61682967090000e-01   7.03217146216000e-01   4.35887473723000e-01   1.25603687047602e-02
-9.51019978679000e-01  -1.83300623071000e-01   2.48921436875000e-01   3.68195555406167e-02
-5.23034972704000e-01  -4.88129802312000e-01  -6.98687135579000e-01   2.24205688936644e-02
-6.47747761109000e-01   7.59639458110000e-01   5.80580025500000e-02   1.08211288239896e-02
 3.37018342110000e-02   6.69199713758000e-01   7.42317943659000e-01   2.44502896299533e-02
 9.48971640577000e-01   2.88917832718000e-01   1.26409300760000e-01   7.35748092544204e-03
 4.27051641319000e-01  -4.55540967540000e-01   7.81094951040000e-01   3.75893205119529e-02
 6.91403511368000e-01  -4.83487179187000e-01  -5.36843861872000e-01   3.50901212827858e-02
-9.48434000849000e-01   3.16439349937000e-01   1.84142293990000e-02   1.50349340202774e-02
-8.98721432904000e-01  -3.34894514405000e-01  -2.83099717875000e-01   2.30972624629404e-02
-9.28662948972000e-01  -3.21850516044000e-01   1.84383764276000e-01   1.46843784809818e-02
-3.18266457672000e-01   8.31062229182000e-01  -4.56116249598000e-01   1.14846466638396e-03
 8.08012316407000e-01   7.65484959440000e-02   5.84171570948000e-01   2.53442415019905e-02
-1.98679076192000e-01   2.26322369255000e-01  -9.53574753157000e-01   2.43360677296248e-02
-1.91265027490000e-02   5.51775909040000e-01  -8.33773064506000e-01   3.16505461103999e-02
-9.40647755666000e-01  -3.38194396813000e-01   2.83962977280000e-02   3.08029814765655e-02
 8.12100480468000e-01  -5.16429280062000e-01  -2.71649789835000e-01   2.38742612890950e-02
 2.36219839630000e-02  -1.44426921318000e-01   9.89233474096000e-01   2.49670542256541e-02
 3.67359718018000e-01   7.48235163593000e-01  -5.52440926742000e-01   2.69214802834307e-02
-1.89138107980000e-02   4.34432144797000e-01   9.00505957408000e-01   4.51618499336227e-03
-8.68546024632000e-01   1.14598525744000e-01   4.82177333554000e-01   1.26154167328400e-02
-9.96853694974000e-01  -7.66028124340000e-02   2.03646739390000e-02   3.35402332284410e-02
 6.94421184725000e-01  -6.29524110675000e-01   3.48537820448000e-01  -5.22060692458530e-04
 6.59962850521000e-01   7.19948319259000e-01  -2.14763715576000e-01   3.70833242409284e-02
-8.46127616219000e-01  -1.51967768378000e-01   5.10856001674000e-01   3.83530706595183e-03
-1.82892669526000e-01   8.68770575832000e-01   4.60204256828000e-01   3.90061921584967e-02
 7.06697807038000e-01   7.03803902686000e-01  -7.23759358650000e-02  -3.96446942892478e-03
-5.33403061675000e-01  -6.00245999714000e-01  -5.95974759217000e-01   1.98207779605206e-02
 1.70480702945000e-01  -2.04598475805000e-01   9.63885778307000e-01   6.12797602274329e-03
 1.29828522226000e-01  -9.60301571090000e-01  -2.46911821060000e-01   1.85339489447791e-02
 8.70273946237000e-01   3.99553724300000e-01  -2.88062631903000e-01   2.27413832019170e-02
 7.99094297610000e-02   8.48812463963000e-01   5.22620210148000e-01   2.95061586556010e-02
 7.94613838488000e-01  -3.74660300097000e-01  -4.77722207161000e-01   2.25878876419262e-02
-4.84317564646000e-01   6.62209566235000e-01   5.71764800388000e-01   1.49575823717900e-02
-4.13805687076000e-01  -8.38583900620000e-02  -9.06494690420000e-01   2.48319764616953e-02
 3.16544678870000e-02   9.58446425805000e-01  -2.83510923112000e-01   1.75709498314525e-02
-7.15082500239000e-01   6.78986206029000e-01   1.66237029190000e-01   2.62570492777721e-02
 7.12100507012000e-01  -2.04131195218000e-01  -6.71746472304000e-01   8.29413649371720e-03
 7.88175915993000e-01  -8.56021088110000e-02  -6.09467804249000e-01   1.31633033961361e-02
-1.25762395996000e-01   9.42224121063000e-01  -3.10479508891000e-01  -1.42340191114496e-03
-5.54439797677000e-01  -8.31383418969000e-01   3.73914617890000e-02   2.73160745207356e-02
-4.01134248331000e-01  -7.96184296240000e-01  -4.52970066600000e-01   2.29121986407092e-02
 4.59417651680000e-01   8.76659397068000e-01  -1.42841600581000e-01   2.80170816870701e-02
-4.02457795478000e-01   8.49555489152000e-01   3.41003216569000e-01   2.83838907686751e-02
-2.62630444344000e-01   9.02905537855000e-01   3.40274652912000e-01   5.90461818793955e-03
-7.10070304570000e-02   8.37682579526000e-01  -5.41521834818000e-01   3.72191302588469e-05
-1.46509194020000e-01   6.62851849520000e-02   9.86985982840000e-01   2.84557852047275e-02
 8.60203990902000e-01  -5.08722717205000e-01   3.53594546870000e-02   2.12610014662821e-02
-9.83421308065000e-01   1.78279161701000e-01  -3.31522449750000e-02   3.47471343015350e-02
-7.90478205862000e-01   4.09275209665000e-01  -4.55673138127000e-01   1.55547614328887e-02
-2.74919208864000e-01   9.03172542390000e-01  -3.29694991272000e-01   4.21523469743712e-02
 5.88968075060000e-02  -2.29312943970000e-01  -9.71569215133000e-01   1.71138428417486e-02
-3.52146267255000e-01  -2.66890127802000e-01   8.97085651507000e-01   3.48783097181387e-03
-6.40080255266000e-01  -4.80937287986000e-01  -5.99163243067000e-01   2.52296846760993e-02
-8.07779202750000e-01  -5.58718896725000e-01   1.87951999314000e-01  -7.37317461157428e-04
-7.67784375422000e-01  -1.33013195706000e-01   6.26749266155000e-01   5.30867161031459e-02
 1.23854996136000e-01  -4.78807587544000e-01  -8.69139363993000e-01   1.92604619391040e-02
 1.96358850500000e-03   2.33605360880000e-02  -9.99725177073000e-01   2.33734247633723e-02
-6.58451984324000e-01  -3.60607198614000e-01   6.60608380698000e-01   4.35992629816025e-02
-8.29153056978000e-01  -3.95883800629000e-01  -3.94691302797000e-01   1.90492378894588e-02
 6.53512368087000e-01   7.33118461732000e-01   1.88305352618000e-01  -2.38619246836356e-03
-4.52061978942000e-01  -3.56423076908000e-01   8.17681207710000e-01   3.54454515192292e-02
 2.04035871602000e-01   7.90373406377000e-01   5.77649756852000e-01   2.04934104816933e-02
-3.81382542007000e-01   6.27212968567000e-01  -6.79081179768000e-01   3.53724626618499e-02
-3.09037824723000e-01   2.93399503183000e-01  -9.04661458460000e-01  -3.32468104934060e-04
-2.59534957863000e-01  -8.71957160912000e-01  -4.15129275265000e-01   1.99182226880816e-02
-8.91487238065000e-01  -4.50756136340000e-01  -4.54907674130000e-02   1.09203345368947e-02
 5.09455059494000e-01   8.68794061930000e-02   8.56100175876000e-01   1.69253406789246e-02
-1.91169163518000e-01  -1.52725183382000e-01  -9.69602686300000e-01   1.82984991970866e-02
-2.41667847320000e-02   9.10190246290000e-01  -4.13484802713000e-01   4.13273567407062e-02
 1.02749116295000e-01   4.58087674975000e-01  -8.82948640146000e-01   1.20066707870579e-02
 6.09536808008000e-01  -4.44841356664000e-01  -6.56186747112000e-01   1.67227898240460e-02
 9.83599283659000e-01   1.65610342871000e-01   7.14539258580000e-02   3.53758027117943e-02
-6.97097740344000e-01  -7.00291149211000e-01  -1.53775962827000e-01   3.91386427361982e-02
-5.78196985014000e-01   6.83720579164000e-01   4.45212776263000e-01   2.34989075960575e-02
-4.13441074037000e-01   8.46302095714000e-01  -3.35915526717000e-01   1.51593658249118e-02
-3.51401548174000e-01   7.39968417106000e-01  -5.73553566484000e-01   1.91903429849344e-02
-3.86415121100000e-03  -7.10072154479000e-01  -7.04118316598000e-01   2.81154713815214e-02
-3.30620767400000e-02  -9.61933261597000e-01  -2.71277163276000e-01   2.09089916877720e-02
-7.23904845233000e-01  -7.92494000000000e-02  -6.85332990340000e-01   2.91649276481148e-02
 9.32622837024000e-01   2.63860090145000e-01  -2.46155431974000e-01   6.10734699513180e-03
-4.79797430290000e-01   6.66351722311000e-01  -5.70762479548000e-01   4.97166907918173e-03
 2.42607816630000e-01  -9.69513756089000e-01   3.44169153910000e-02   2.87257334165291e-02
 6.93537292313000e-01  -6.87404654296000e-01   2.15594214728000e-01   2.33438104644834e-02
 8.31889708137000e-01  -4.37374493677000e-01   3.41559754328000e-01   3.53077625885462e-03
 8.24812054508000e-01   5.57780014803000e-01   9.25555499390000e-02  -3.29333594327880e-03
-3.79942348630000e-01  -6.23804587265000e-01   6.83016580052000e-01   1.99229455428015e-02
-6.40102539508000e-01  -6.70222248129000e-01  -3.75594032205000e-01   2.61687331390682e-02
-2.87226787102000e-01  -3.46773517160000e-02  -9.57234691206000e-01   2.98070450592634e-02
-8.94803532439000e-01   3.78383674252000e-01  -2.36965046776000e-01   1.55575013119244e-02
 5.04669005260000e-01  -7.22562118938000e-01   4.72454420453000e-01   7.59139834458858e-03
 6.05745772708000e-01   6.46343948732000e-01  -4.64016765628000e-01   2.20281655337420e-02
 8.61030084619000e-01   1.72113343557000e-01   4.78543822811000e-01   2.26281802163494e-02
 2.18285539193000e-01   3.58005147658000e-01  -9.07845657383000e-01   2.07482210429233e-02
 5.78656553840000e-01   7.37003172970000e-01  -3.49260527015000e-01   2.03505623239497e-02
 8.03252032520000e-01   4.18690489102000e-01  -4.23656047505000e-01   1.00390611457305e-02
 4.06688745340000e-02  -9.90136023996000e-01  -1.34077203986000e-01   2.42653117919278e-02
 3.24982364130000e-02   7.74315877664000e-01  -6.31964228598000e-01   3.70837985923703e-02
 8.25264963040000e-02   9.18503765419000e-01   3.86704293123000e-01   2.77086778647438e-02
-8.92611003801000e-01  -3.09518195124000e-01   3.27786642163000e-01   8.11618364955578e-03
 3.31863662148000e-01   8.73775138754000e-01   3.55504594403000e-01   3.46406357680254e-02
 1.03758501204000e-01  -8.68099470110000e-02  -9.90806846226000e-01   1.26978049187462e-02
 5.42621925074000e-01  -2.11387856025000e-01   8.12943184211000e-01   4.16201389146731e-02
 9.20114504345000e-01  -3.79045828354000e-01   9.85573888690000e-02   1.45698544021555e-02
 6.11148351400000e-03  -8.72300660712000e-01  -4.88931699822000e-01   2.41739783735334e-02
 5.18675992522000e-01  -3.65224936835000e-01  -7.73036842780000e-01   4.92183577009644e-03
-8.68644722932000e-01  -1.28558415019000e-01  -4.78465337564000e-01   2.53182625705601e-02
-6.30740002897000e-01  -4.92798092001000e-01   5.99430637577000e-01  -4.08618906409358e-03
-5.81990831310000e-02  -6.09481883901000e-01  -7.90660926010000e-01   1.83595761021651e-02
-2.95405900802000e-01   4.39760028817000e-01  -8.48142954240000e-01   3.46526409765471e-02
 3.68015210170000e-01  -8.67747158843000e-01  -3.34035437347000e-01   1.60155955059630e-02
-7.63481584199000e-01   6.30572070952000e-01  -1.39551904048000e-01   2.16786396762495e-02
 3.34080953654000e-01   8.01070788049000e-01   4.96664382597000e-01   1.70528448136494e-02
 1.33415157242000e-01   4.78927241661000e-01   8.67657243969000e-01   1.93813756162764e-02
 3.94569473836000e-01  -4.13157710268000e-01  -8.20740907207000e-01   2.73922069461377e-02
-8.57801264813000e-01  -4.40180716693000e-01   2.65363763043000e-01   4.19611716567002e-02
-1.76366941826000e-01   3.71846293300000e-01  -9.11386326423000e-01   2.95462969939198e-02
-3.69640364225000e-01  -8.69726705235000e-01  -3.27019050419000e-01   2.29095851138168e-02
-1.72654640775000e-01   9.82757166817000e-01  -6.61719433610000e-02   5.82417660759427e-04
-9.95450282707000e-01   6.66622696570000e-02   6.80799270140000e-02   1.01111735230105e-02
 5.98782841238000e-01  -8.00668500434000e-01  -1.97246407300000e-02   1.33025633266381e-02
-1.04064662184000e-01   1.27919034979000e-01  -9.86309924200000e-01   2.12732555164633e-02
 5.92301381396000e-01  -7.26802088924000e-01   3.47761120789000e-01   3.89223298270698e-02
-1.60287048949000e-01   2.18523387898000e-01   9.62577576552000e-01   3.12082263164865e-03
-9.52543535090000e-02  -9.63259239812000e-01   2.51114008080000e-01   2.65991080493215e-02
 2.21623659933000e-01  -9.06521030173000e-01  -3.59308468050000e-01   1.87051737682801e-02
 3.05838190494000e-01  -8.30441192448000e-01  -4.65650541845000e-01   2.84285791395943e-02
-1.46408434425000e-01  -9.82436977157000e-01   1.15681270065000e-01   1.87570438403326e-02
-3.43503610680000e-02   2.93553059998000e-01   9.55325417677000e-01   2.83901312522017e-02
-7.10053990145000e-01   2.34722911268000e-01   6.63873847960000e-01   9.74542582795903e-03
 9.50054625465000e-01   2.02130034668000e-01   2.37780692482000e-01   3.08114405148729e-02
 1.03515976751000e-01   2.22726008460000e-01   9.69369675466000e-01   1.67662230075328e-03
-3.16227644015000e-01   9.46168072215000e-01  -6.90366299960000e-02   4.44651449918569e-02
-2.77363637121000e-01   4.40749455912000e-01   8.53703303213000e-01   3.00393210632478e-03
-7.35376717167000e-01  -6.23225276001000e-01  -2.66104000724000e-01   4.07237267676551e-03
 9.67578090571000e-01   2.34103730573000e-01  -9.48054955100000e-02   2.91934653109033e-02
-6.98359121375000e-01   4.84143046406000e-01  -5.27162259849000e-01   2.74840026656600e-02
 8.95611336143000e-01   4.30183459918000e-01   1.13236590313000e-01   4.39210432556734e-02
-6.35983996410000e-01   3.09924525731000e-01  -7.06732725053000e-01   2.72319783829583e-02
 4.47173282929000e-01   7.16176642695000e-01   5.35842394267000e-01   2.75992808377811e-02
-9.31568157004000e-01   2.31350884422000e-01  -2.80459510683000e-01   3.29455450326541e-02
 1.58513643054000e-01  -8.59982622593000e-01  -4.85080729161000e-01   1.41653111453277e-02
-5.88172451659000e-01  -6.15584243339000e-01   5.24508538026000e-01   2.98194084659968e-02
-2.14227331817000e-01   7.97672906090000e-01  -5.63759332688000e-01   3.93779430851517e-02
 3.80315991619000e-01   1.25548899946000e-01   9.16295378271000e-01   1.31624223557007e-02
 1.38808840427000e-01  -8.24042822432000e-01   5.49259076046000e-01   2.96896497787598e-02
-2.92441626176000e-01  -9.50992024095000e-01   1.00459272285000e-01   3.08576829138347e-02
-2.41329665196000e-01  -1.74544946026000e-01   9.54617229319000e-01   2.34522354125362e-02
-7.57862513323000e-01   6.52053448067000e-01   2.16958927760000e-02   1.30012683011087e-02
 6.29424497204000e-01   7.75750994475000e-01   4.51131565200000e-02   3.03021566061333e-02
-4.30532356025000e-01  -8.99553253454000e-01   7.37958983660000e-02   4.99317346580353e-03
 5.60100189737000e-01  -8.12570571301000e-01  -1.61297377882000e-01   1.74729312469396e-02
 8.96910528292000e-01  -1.21047826747000e-01   4.25322146000000e-01   2.82390020422384e-02
 7.44034064323000e-01   5.35470683650000e-02  -6.65992509415000e-01   1.02697600518045e-02
-8.07233408870000e-01   3.75298422025000e-01   4.55549468257000e-01   1.67280317068648e-02
-8.32920593731000e-01  -5.52335715187000e-01   3.41839475080000e-02   3.69941492619617e-02
 7.87349181110000e-01  -6.03491136554000e-01   1.26014741624000e-01   1.71773846544736e-02
 8.47399921336000e-01   5.01583354677000e-01  -1.74147959022000e-01   1.03366167897309e-02
 5.93087060609000e-01   7.99258171116000e-01  -9.71293696140000e-02   3.40381482834212e-02
 2.44284229847000e-01   4.88189407167000e-01  -8.37852205212000e-01   2.51884498870335e-02
-4.15477399200000e-02   8.95618190112000e-01   4.42879038619000e-01  -9.93050643281960e-04
 8.01460527519000e-01  -2.30216707744000e-01  -5.51961312326000e-01   3.93933023840762e-02
-8.82231361415000e-01  -4.34373314251000e-01  -1.81625022511000e-01   1.25116042543985e-02
-7.10121353770000e-02   9.76907603430000e-01   2.01516279716000e-01   9.23933810463187e-03
-6.82977054702000e-01   7.26023545023000e-01  -8.02007158490000e-02   3.23955025598337e-02
 2.02133500722000e-01  -9.33249765807000e-01   2.96962830178000e-01   2.46003928303166e-02
-4.52968200893000e-01   7.61931054253000e-01   4.62904825580000e-01   1.33836048645615e-02
-5.32311769347000e-01   7.78046567169000e-01   3.33598140779000e-01   2.31572543021704e-02
 9.87896229393000e-01  -1.38410315219000e-01  -7.00258851580000e-02   1.95049629264721e-02
-4.93295382100000e-03  -7.81454386520000e-01   6.23942872189000e-01   1.71899126941917e-02
-7.61673495836000e-01  -2.73980095548000e-01   5.87186846740000e-01  -8.02909226202966e-03
-9.36943899077000e-01   2.28343324248000e-01   2.64566544095000e-01   1.34759207954040e-02
-5.33711881303000e-01  -6.98034204558000e-01  -4.77388601689000e-01   2.20496050864491e-02
 5.40924112342000e-01   8.07306237097000e-01  -2.35918935720000e-01  -4.57094793893554e-03
 6.44975427975000e-01  -6.05260324798000e-01  -4.66547571566000e-01   1.75534048471310e-02
-9.50001615512000e-01   2.81163426171000e-01  -1.35808903645000e-01   1.32827176864544e-02
-8.94924540602000e-01  -2.32132358563000e-01  -3.81083501002000e-01   1.62334746458400e-02
 2.78988911739000e-01   8.98182774747000e-01  -3.39754161527000e-01   1.86879717685817e-02
 5.65772196170000e-02  -5.65009305829000e-01   8.23142455804000e-01   1.36408495772250e-02
 7.96502392700000e-03   5.58493868346000e-01   8.29470407799000e-01   2.99961497683702e-02
 2.80939841760000e-01  -9.32933266981000e-01  -2.25185089808000e-01   2.61869313589197e-02
 1.26088940311000e-01   8.13710818330000e-02   9.88676047132000e-01   2.87531661456883e-02
 6.40973510521000e-01  -7.25950293714000e-01  -2.49297272081000e-01   1.65970675558485e-02
 3.91027386359000e-01   3.85080633766000e-01   8.35948855263000e-01   1.69018835827093e-02
 6.13228016682000e-01   3.98804567724000e-01   6.81840389181000e-01   1.62252103374943e-02
-8.89364135171000e-01   1.77360795568000e-01  -4.21395993415000e-01   1.58598115353610e-02
 9.98887397430000e-01   2.19073563400000e-03   4.71080453140000e-02   2.42874027951088e-02
-5.31308704546000e-01   2.59830641318000e-01  -8.06349240904000e-01   1.89766321662027e-03
-4.76801855995000e-01  -2.02119969224000e-01  -8.55457484719000e-01   1.56407779627211e-02
 5.57673171386000e-01   7.75065521453000e-01   2.97109527568000e-01   3.72779984018281e-02
 3.83136712338000e-01   5.15991908687000e-01  -7.66132240431000e-01   2.36172462619525e-02
-7.06801048111000e-01  -6.62223821295000e-01   2.48780804925000e-01   2.69356247426249e-02
 9.25194746987000e-01  -1.26663117164000e-01  -3.57730533918000e-01   3.52995541976881e-02
-5.81028349910000e-02  -5.01067830614000e-01   8.63455320031000e-01   2.88602690413345e-02
-2.42520860472000e-01  -9.40197020683000e-01   2.39192797834000e-01   8.61632336809640e-03
-2.89474027903000e-01  -7.88478132335000e-01  -5.42685011770000e-01   1.47148155935699e-02
-7.28481074161000e-01  -3.37272003140000e-01  -5.96290969650000e-01   2.38801284801226e-02
-8.27866012154000e-01   1.19878743820000e-01  -5.47966196676000e-01   2.34277010822665e-02
 7.15386991066000e-01   4.30698076697000e-01  -5.50200526848000e-01   2.36985383627003e-02
-5.99986174110000e-02   2.78776183368000e-01  -9.58480049608000e-01   1.16138791145113e-02
-4.49666487423000e-01   8.90279843930000e-01  -7.21238489030000e-02   7.74783112719110e-03
 8.32986226035000e-01   4.15700013865000e-01   3.65140309618000e-01   3.13417931332112e-02
-2.83160509411000e-01   2.93830800587000e-01   9.12953222535000e-01   3.24532744700013e-02
 7.92054632130000e-02   3.20179296930000e-01  -9.44040101063000e-01   2.60682347213537e-02
-5.11058650650000e-02  -9.98622156613000e-01  -1.19154889380000e-02   2.52599007814026e-02
 3.34764702890000e-01  -8.82209682924000e-01   3.31117304070000e-01   1.61474202068497e-02
 5.50927258599000e-01   6.14896025538000e-01   5.64253518828000e-01   1.67516971229352e-02
-2.69192621096000e-01  -8.31071300601000e-01   4.86678359972000e-01   1.84526199085859e-03
 2.87455674838000e-01  -6.70996904486000e-01   6.83470840032000e-01   3.05249432463392e-02
 4.27088924560000e-02   1.71793757659000e-01  -9.84206713722000e-01   2.19721317901461e-02
 2.35004162772000e-01   8.44965532873000e-01  -4.80423034145000e-01   4.48434615478685e-02
-8.13072169248000e-01  -7.74245112300000e-03   5.82111417209000e-01   4.12449649355038e-03
 1.77390894678000e-01   7.87264530580000e-01  -5.90548075415000e-01  -2.43938523988219e-03
-9.50131939276000e-01  -1.95120363841000e-01  -2.43263933995000e-01   2.18802093413020e-02
 5.35038743370000e-02   9.64046709431000e-01   2.60290755628000e-01   2.94496971174032e-02
 5.27744550651000e-01   5.09581986164000e-01   6.79567427586000e-01   2.40322770967540e-02
 1.38344714099000e-01   9.90383821821000e-01  -7.90921716000000e-04   3.93320443638182e-02
 4.19324111060000e-01   1.48081384007000e-01  -8.95678063589000e-01   1.78353269794187e-02
-9.84565788248000e-01  -1.14662384255000e-01  -1.32222336417000e-01   1.37914511085663e-02
-3.73134955510000e-02   4.21058038220000e-01  -9.06265872413000e-01   2.19776642086157e-02
-2.32121520314000e-01  -3.00315610278000e-01  -9.25164922611000e-01   2.63295665950917e-02
-8.87202230544000e-01  -4.46108919527000e-01   1.17724398646000e-01   1.33454742842572e-02
 9.55664413812000e-01  -2.44983301814000e-01   1.63366795910000e-01   2.29011145723510e-02
 8.02632834939000e-01   5.94210678098000e-01  -5.19057059760000e-02   4.21996630069696e-02
-2.30504805050000e-02   1.45615525559000e-01   9.89072694024000e-01   2.93433561395952e-02
 3.69974412263000e-01   9.28012120750000e-01  -4.37314304810000e-02   3.58034537962201e-02
 7.87614619736000e-01  -6.14799335127000e-01  -4.10486090590000e-02   2.09160446604912e-02
 2.80771362420000e-02  -6.72740343734000e-01   7.39345727203000e-01   2.58156759474654e-02
 4.63108743796000e-01  -8.12542979830000e-01   3.53983329195000e-01   1.53218675635293e-02
-6.90235781720000e-01  -2.26551872023000e-01  -6.87203619691000e-01   1.82668093993933e-02
-1.39399612009000e-01   6.31040563568000e-01  -7.63122241390000e-01   3.59486941084588e-02
-5.92052525088000e-01  -7.50432111450000e-01   2.93811935839000e-01   3.44228038121055e-02
-2.67208909748000e-01   9.61105335074000e-01   6.98278844340000e-02   6.78778324372511e-03
-9.07676695630000e-01  -1.68930458515000e-01   3.84168604126000e-01   1.17667784696601e-02
 1.77077866625000e-01  -6.22293396850000e-01   7.62492201526000e-01   1.54209930337815e-02
 9.78884827696000e-01  -7.24744838340000e-02   1.91133312901000e-01   3.16577696366463e-02
-7.87740825562000e-01  -1.82344071767000e-01  -5.88400400437000e-01   1.52358481440493e-02
 4.91765943088000e-01   4.15281583076000e-01  -7.65315270968000e-01   1.54235482632604e-02
 7.83931739160000e-01  -5.59333295137000e-01   2.69438848887000e-01   2.98745564077848e-02
 8.92270508070000e-01   2.65993224913000e-01   3.64830021692000e-01   1.78957357143445e-02
-4.20592458352000e-01   3.54564421014000e-01  -8.35096434748000e-01   2.25471902841299e-02
-7.25062781895000e-01   3.51920485561000e-01  -5.91976295262000e-01   2.09026794686062e-02
 1.83862752613000e-01   6.98084475119000e-01   6.92006180463000e-01   2.94622852605720e-02
 2.99695843969000e-01  -6.68001498991000e-01  -6.81143449248000e-01   2.86289396103155e-02
-7.93267594864000e-01   4.86222267887000e-01   3.66489330198000e-01   2.78473411202846e-02
-7.07618274125000e-01   7.97117972660000e-02   7.02084330762000e-01   3.26214109214763e-02
 1.87474134181000e-01  -3.47314127431000e-01   9.18817906824000e-01   1.91958566731624e-02
-6.12213739076000e-01  -7.46798842421000e-01  -2.59780343071000e-01   1.98182121090179e-02
 9.03632292482000e-01  -3.44522786544000e-01   2.54465576327000e-01   2.90324623700830e-02
-1.93794152815000e-01  -4.63955343866000e-01   8.64401102054000e-01   7.58479818217494e-03
 3.08437772640000e-01  -3.09584872902000e-01  -8.99457251279000e-01   1.71111732644274e-02
 6.32687147778000e-01  -3.11409059249000e-01  -7.09035521574000e-01   3.55057038981452e-02
-5.07432464079000e-01   8.36061247622000e-01  -2.08599819327000e-01   4.50261289034909e-02
 9.71400046913000e-01   1.24727063633000e-01  -2.02052241896000e-01   2.24839319816841e-02
 4.23555040409000e-01  -1.64776610332000e-01   8.90757989822000e-01   4.01312424028143e-03
 4.00250058607000e-01  -7.04807197757000e-01   5.85701890534000e-01   1.75956653975712e-02
 8.36109906602000e-01   4.10495654020000e-02  -5.47023909224000e-01   3.39214618636693e-02
-4.61192046990000e-01  -6.83599120704000e-01   5.65680243570000e-01   1.59639805649451e-03
 2.63462833059000e-01   6.04980731709000e-01  -7.51389146753000e-01   1.34497365335326e-02
 4.38563325716000e-01  -6.25635469541000e-01  -6.45168558276000e-01   1.99365918563960e-02
-3.26012036120000e-01  -4.14454456095000e-01   8.49672675875000e-01   2.12129746155698e-02
 8.60257592116000e-01  -4.74775613496000e-01   1.85862831239000e-01   2.06353309997172e-02
 5.89735943727000e-01   3.04845240081000e-01  -7.47850851625000e-01   2.37552867704954e-02
 3.80390399531000e-01  -9.22777243261000e-01   6.15248182840000e-02   1.16090076148750e-02
-9.73327768388000e-01  -1.55961311910000e-02  -2.28888217207000e-01   2.97064533741750e-02
 5.84073585618000e-01  -7.13874788810000e-01  -3.86317010349000e-01   1.25562830175250e-02
-8.42435944987000e-01   5.06516374797000e-01  -1.83692244409000e-01   1.41314822205011e-02
-1.23360678914000e-01   9.89971754664000e-01   6.88336245190000e-02   3.95181126429715e-02
-3.49005415026000e-01   9.13495986724000e-01   2.09094004032000e-01   3.12112918609757e-02
-4.69639155830000e-02  -1.17865620428000e-01  -9.91918386841000e-01   2.84112529763128e-02
-4.92886002363000e-01  -8.39506714843000e-01  -2.28674144599000e-01   3.14005026527340e-02
-2.48563757792000e-01   6.93893746545000e-01  -6.75816193072000e-01   2.94120320247312e-03
-1.93243435150000e-02  -4.94409286446000e-01  -8.69014399894000e-01   1.80325943849283e-02
-7.42291842763000e-01  -6.62007037414000e-01   1.03679807974000e-01   3.49756981609013e-02
 7.63356548780000e-02   8.57852404212000e-01  -5.08194962964000e-01   2.19185377189230e-02
-6.89225042010000e-02   8.21439351380000e-01   5.66115783580000e-01   2.68797105769986e-02
-5.90680108388000e-01  -1.32100568736000e-01   7.96019126212000e-01   3.86661630332309e-02
-3.24033645701000e-01  -7.37582259599000e-01   5.92431098761000e-01   3.12978535381610e-02
 2.76806121343000e-01   7.09531745935000e-01  -6.48030147985000e-01   2.39325554660117e-02
-4.17324040493000e-01  -5.94287855170000e-01  -6.87504611202000e-01   1.69387246239014e-02
-2.88785657557000e-01  -5.74294906249000e-01  -7.66021021020000e-01   2.35060917052983e-02
 9.19763652401000e-01  -2.67853080879000e-01  -2.86861553342000e-01   2.29163331951019e-02
 8.64110479348000e-01   1.66845767313000e-01  -4.74842678591000e-01   7.47088593378783e-03
 7.55272924728000e-01  -6.26867623732000e-01  -1.91310719745000e-01   1.06490271280972e-02
 3.36067097156000e-01   9.18995047648000e-01  -2.06172278950000e-01   5.27996092549263e-04
-2.75878241146000e-01   5.72820370802000e-01  -7.71860103164000e-01   2.19033497124141e-02
-5.09892640510000e-01  -5.64184687623000e-01   6.49388276307000e-01   3.71020377294008e-02
-6.36487177123000e-01   7.42038867959000e-01  -2.10386291843000e-01   5.67352073906346e-03
 5.32304903091000e-01  -6.29012554000000e-02   8.44212604866000e-01   9.34752930482829e-03
-4.05949480844000e-01  -7.85790104799000e-01   4.66625042409000e-01   3.19861633330368e-02
-6.17089012060000e-01   4.60982243266000e-01   6.37727624138000e-01   1.26983408661455e-02
-7.13387053468000e-01   4.83184839555000e-01   5.07554255985000e-01   1.68189096160748e-02
 7.21761777711000e-01  -3.48299015639000e-01  -5.98120165135000e-01   5.09635622883887e-03
-1.96855625096000e-01  -9.80179775562000e-01  -2.22591654500000e-02   1.31261775676042e-02
-9.35346360170000e-02   7.31766646931000e-01   6.75106544409000e-01   3.10244391609542e-02
 2.38501385660000e-01   9.65606588169000e-01  -1.03542290506000e-01   1.79266281436792e-02
 7.09246481193000e-01   1.29160461049000e-01   6.93027419528000e-01   1.72354662900437e-02
 1.49728958456000e-01  -6.13836900840000e-02   9.86819781719000e-01   3.03386638903674e-02
-6.16105447884000e-01   3.30648124701000e-01   7.14902716962000e-01   3.13122633258177e-02
-9.23377147664000e-01   3.44261203732000e-01   1.69878976851000e-01   3.34305623682318e-02
 3.06018184937000e-01  -5.44423175034000e-01   7.80996976290000e-01   1.37002880252402e-02
-4.54096201816000e-01   7.63701366622000e-01  -4.58864753621000e-01   4.13508660165020e-02
-6.14846994260000e-01   1.79369869864000e-01   7.67977619097000e-01   7.73060780042396e-03
 6.66027267123000e-01   2.71047648142000e-01   6.94939459151000e-01   2.17002967206051e-02
 2.62184386529000e-01  -4.50710782011000e-01  -8.53298973655000e-01   2.00615540104618e-02
-3.31216423760000e-01  -8.73817191517000e-01   3.56004489356000e-01   3.18628556650111e-02
-7.89347127728000e-01   1.28485494174000e-01   6.00352054827000e-01   3.05877468415755e-02
-9.41587976471000e-01   8.16219001750000e-02  -3.26726105442000e-01   1.57627704318398e-02
 5.32010157808000e-01  -4.96673643859000e-01   6.85769993136000e-01   1.14853681005027e-02
 8.16552171316000e-01   3.19984330764000e-01   4.80471205781000e-01   1.60035764209164e-02
-2.79583265744000e-01   1.36290143623000e-01   9.50398965839000e-01   2.80329092956905e-02
-7.10944497857000e-01   5.67041670090000e-01  -4.15958730343000e-01   6.63684578735100e-03
-8.15425047446000e-01   4.74344754018000e-01  -3.31781624466000e-01   3.37307924006082e-02
-2.42432932520000e-01  -6.70178665647000e-01   7.01489008711000e-01   1.18731452167992e-02
 8.47666562359000e-01  -5.15457263759000e-01  -1.25559580663000e-01   2.36844674238099e-02
 9.79362018916000e-01   7.06497868830000e-02   1.89363786187000e-01   5.26947199006003e-03
 9.00350221124000e-01   3.57077313294000e-01   2.48727303794000e-01   1.13052597867939e-02
-1.41330132865000e-01   5.06803908329000e-01   8.50397314228000e-01   3.12750074458207e-02
 5.08715080434000e-01  -8.07368970668000e-01  -2.98938642770000e-01   2.94319085561842e-02
-1.84165025000000e-04   6.69902836858000e-01  -7.42448755978000e-01   2.63793259391891e-04
-5.15796008794000e-01  -8.35948142709000e-01   1.87470477711000e-01   3.23482306716058e-02
-2.78223232971000e-01  -4.29012592820000e-01  -8.59383516154000e-01   1.25532399619316e-02
 1.47424186937000e-01   6.32482214300000e-02  -9.87049021879000e-01   1.81249698697894e-02
-5.09725734872000e-01   4.20752350190000e-01   7.50431299333000e-01   4.31911630607376e-03
 9.76196952580000e-02  -7.92239853752000e-01  -6.02350736054000e-01   2.65172618685825e-02
-9.41314914308000e-01  -3.08603504896000e-01  -1.36711772966000e-01   2.52369095360024e-02
-1.70409545181000e-01  -6.60816974025000e-01  -7.30945629819000e-01   1.32951546739625e-02
-7.14681653200000e-02   9.81374110664000e-01  -1.78317571386000e-01   4.34126620672122e-02
 2.12541154281000e-01   8.69498843106000e-01   4.45867715330000e-01   1.51568027124309e-02
 6.38928481476000e-01  -3.94641444190000e-01   6.60324561171000e-01   3.90195574665992e-02
-6.58568177016000e-01   6.76169989686000e-01  -3.30275795769000e-01   4.04011641980072e-02
-5.24558929845000e-01   4.06338533629000e-01  -7.48148999336000e-01   3.39063073251029e-02
 7.39817974785000e-01  -5.18095929346000e-01   4.29238828836000e-01   3.81199775553208e-02
-5.69096110668000e-01  -2.89944280668000e-01   7.69455606861000e-01   3.22061034688182e-03
-2.60351154952000e-01   5.72579013381000e-01   7.77412727932000e-01   2.74062343771863e-02
-9.70943573418000e-01   2.07846915338000e-01   1.18609599201000e-01   1.21607477490612e-02
-9.73600887943000e-01  -2.01771780012000e-01   1.06721412037000e-01   1.26425650606303e-02
 6.81620250680000e-02  -9.25300051325000e-01  -3.73059986272000e-01   2.19634411347391e-02
-1.25782859281000e-01  -8.56536596507000e-01   5.00523457148000e-01   2.99801098889837e-02
-4.90119606189000e-01  -3.69579904257000e-01  -7.89426035800000e-01   1.63548927691188e-02
-8.81707266020000e-01   2.42991342049000e-01   4.04410070024000e-01   3.48716214956712e-02
 7.57066018227000e-01   5.51841134883000e-01   3.49746202119000e-01   1.09462248575125e-02
-4.05930676480000e-02  -9.23581560862000e-01   3.81247037095000e-01   1.57247095719280e-02
 5.61736008130000e-02  -9.61324109963000e-01   2.69630269398000e-01   1.74180770340181e-02
-9.98385648230000e-02  -9.16454945565000e-01  -3.87482378597000e-01   1.67306970238904e-02
 8.38776637230000e-02   9.86169298309000e-01  -1.42949825468000e-01  -5.58008491026399e-04
 2.73203148849000e-01   9.60227703547000e-01   5.76437056350000e-02  -5.61776264534749e-04
 7.99995736812000e-01   3.03754888289000e-01  -5.17435782416000e-01   2.56529147735527e-02
 7.23642895473000e-01   3.65954810329000e-01   5.85164965312000e-01   2.40784790766064e-02
 1.39488199935000e-01   6.92934297708000e-01  -7.07379036400000e-01   2.96351538196025e-02
 6.21049972615000e-01  -6.26193440886000e-01   4.71358362720000e-01   2.14206304237943e-02
 7.73742217227000e-01   2.23382437329000e-01   5.92809638901000e-01   1.86923233989769e-02
 5.05926455327000e-01   8.62568747441000e-01   3.68479816000000e-03  -2.30624250348574e-03
-9.96190133265000e-01   3.20988324040000e-02  -8.10856543680000e-02   1.59814558133248e-02
-7.37353424313000e-01  -5.46380107202000e-01  -3.97213678147000e-01   2.85799211693917e-02
-6.54082184765000e-01   6.90325285481000e-01   3.09236957362000e-01   1.68973263963658e-02
 8.33069907240000e-02  -6.03995443944000e-01  -7.92621882735000e-01   1.95658679086177e-02
 2.76865725621000e-01   4.87502206979000e-01   8.28062176510000e-01   2.88177730302217e-02
 7.04727608530000e-01   3.11345844988000e-01  -6.37512950915000e-01   1.42905901391715e-02
-8.54154921894000e-01   4.69730221355000e-01   2.23098383121000e-01   1.86256729014715e-02
-7.41453681176000e-01   2.12850291569000e-01  -6.36349897501000e-01   1.19062902616361e-02
 1.90833881401000e-01  -9.75531201705000e-01  -1.09184725165000e-01   1.51024923556281e-02
-8.16774269639000e-01   2.67964132205000e-01  -5.10955004190000e-01   2.60838928357860e-02
-5.76204053636000e-01  -2.59301101579000e-01  -7.75081819741000e-01   2.70890130514816e-02
-7.55449259458000e-01   5.95803478167000e-01  -2.72607101502000e-01   1.46824127223969e-02
 7.34920336579000e-01  -1.60290539110000e-02   6.77963987475000e-01   1.37469776003225e-02
-5.09209823124000e-01  -7.81473008404000e-01  -3.60562467778000e-01   1.21419731877783e-02
-4.76704645862000e-01  -2.03272235274000e-01   8.55238609384000e-01   2.23064325864346e-02
 3.02378058866000e-01   6.04915530049000e-01   7.36644222825000e-01   1.93735016791902e-02
-7.04871562037000e-01  -5.32445832918000e-01   4.68676344656000e-01   3.30315174357833e-02
-5.87915662194000e-01  -8.00492410476000e-01  -1.16477787231000e-01  -4.86502628280957e-04
-9.33420168055000e-01  -8.48125479300000e-02  -3.48616725907000e-01   1.63007182151855e-02
-1.09556353015000e-01   7.43272899998000e-01  -6.59956666489000e-01   2.10263575246702e-02
-3.76376254287000e-01   6.25329464818000e-01   6.83596354320000e-01   7.61022014787252e-04
 5.08479714928000e-01   5.36418694649000e-01  -6.73575061547000e-01   2.45425237357046e-02
 8.84829710530000e-01  -2.70916542748000e-01   3.79052252636000e-01   2.28992266947685e-02
-7.42874174697000e-01  -4.44630065250000e-01  -5.00441870394000e-01   1.49262573840910e-02
 4.12251887813000e-01   9.04940833924000e-01   1.05501033607000e-01   2.83719194437691e-02
-3.04743203301000e-01  -6.86934204309000e-01  -6.59737052917000e-01   2.04614862650691e-02
 2.67788543078000e-01   3.92082012510000e-02   9.62679600465000e-01   6.43472092104817e-03
 9.87905243393000e-01  -1.39020611909000e-01   6.86767758490000e-02   1.22244930958684e-02
 7.35854525600000e-01   6.73377052588000e-01   7.12843755790000e-02   2.83872797083060e-02
 4.30722029532000e-01   8.47790883458000e-01  -3.09401278605000e-01   4.51723993567826e-02
 4.84943445551000e-01   7.50011910131000e-01  -4.49791050688000e-01   2.44946627503596e-02
-5.06298339347000e-01   5.46015918291000e-01  -6.67479294471000e-01   2.30472433290310e-02
 8.12055623014000e-01  -3.57791931698000e-01   4.61032101640000e-01   2.98237684290435e-02
-1.73490858450000e-01  -7.56395749968000e-01  -6.30687237436000e-01   2.74556760608115e-02
-2.27699094437000e-01   9.53204229628000e-01  -1.98883933521000e-01   1.76710194376466e-02
 7.59355205759000e-01  -5.06244705016000e-01  -4.08773739530000e-01   5.86057992403594e-03
 9.29429118662000e-01   1.16932213749000e-01   3.49983386422000e-01   1.99454227288981e-02
-3.72794502052000e-01  -1.13288040922000e-01   9.20972355190000e-01   3.53158636144535e-02
-5.42738901206000e-01  -4.34599626116000e-01   7.18719451593000e-01   1.82523883158586e-02
 5.92490495964000e-01   1.93443094945000e-01   7.82006893327000e-01   1.74443970269903e-02
 8.69543758467000e-01  -2.53047965273000e-01  -4.24099492316000e-01   5.18419466333481e-03
-8.08574476658000e-01  -4.27563109339000e-01   4.04224075520000e-01  -4.26825539772840e-03
-5.81994836462000e-01   6.76536973609000e-01  -4.51198109118000e-01   1.37451972891449e-02
-5.30077033417000e-01   8.45460671598000e-01   6.49198846680000e-02   3.46402538988488e-02
-2.77225206285000e-01  -5.54544428977000e-01   7.84618799985000e-01   3.27534209736621e-02
 6.14200986504000e-01   5.45594585136000e-01  -5.70161114815000e-01   1.76620589363253e-02
-4.06184242711000e-01   4.97779791790000e-01  -7.66309102033000e-01   3.37557153102053e-03
-8.05670611755000e-01   2.56061137667000e-01   5.34160611736000e-01   1.30598447924474e-02
-3.40438254071000e-01  -9.39313371838000e-01  -4.23342019060000e-02   2.07786361519080e-02
 4.56652054950000e-02  -2.86814374396000e-01   9.56897175065000e-01   3.11433773829637e-02
 2.41012949264000e-01  -7.71349931820000e-01  -5.89009372564000e-01   1.91786259012490e-02
 5.05691631492000e-01   3.81702686010000e-02  -8.61869482250000e-01   2.85933977491090e-02
-8.79233273250000e-02  -2.62330137149000e-01  -9.60964300927000e-01   1.66277676278396e-02
-9.73134154825000e-01   8.64236875170000e-02   2.13403052810000e-01   3.82677103570841e-02
 9.40970395924000e-01  -1.75335397932000e-01   2.89537928823000e-01   6.84214230654134e-03
 5.21266159938000e-01   3.57721062527000e-01   7.74801414511000e-01   2.28792811497437e-02
-5.35276829248000e-01  -7.24874976734000e-01   4.33630008388000e-01   2.61014440614361e-02
 4.24728443683000e-01  -8.79941175329000e-01   2.12859759200000e-01   3.13835200123975e-02
 6.25375792928000e-01  -7.70514637062000e-01   1.23338200461000e-01   2.52543720671894e-02
 7.23659193098000e-01  -4.30399468481000e-01   5.39512437091000e-01   3.94285104082144e-03
-9.74052383877000e-01   1.34582778822000e-01  -1.81959965671000e-01   1.19396494479300e-02
-6.35422752598000e-01  -7.57731233651000e-01   1.48597789456000e-01  -3.20298454150154e-03
 3.11546913399000e-01   9.27651650329000e-01   2.05914876572000e-01   3.11671993936497e-02
 8.81447748959000e-01   4.71327561222000e-01  -3.00032646240000e-02   1.37522628023212e-02
-1.52876436516000e-01  -3.31323074100000e-03  -9.88239757174000e-01   1.06199495575614e-02
 3.58332960636000e-01  -5.46409609487000e-01  -7.56990110888000e-01   7.91286551472349e-03
 1.09535932640000e-02  -8.61222253285000e-01   5.08110469526000e-01   1.24267368759432e-02
 3.58120997389000e-01   3.91461277275000e-01  -8.47648169717000e-01   1.63271530267287e-02
 6.84762660468000e-01  -7.21038547540000e-01  -1.05846642792000e-01   2.91497851990347e-02
-5.99279433528000e-01   5.80154484344000e-01  -5.51620281394000e-01   3.10872054626288e-02
 6.45319651174000e-01   5.01307501399000e-01   5.76414205976000e-01   1.75018428850247e-02
 3.66025195307000e-01   8.24229476377000e-01  -4.32054772768000e-01  -3.70863719443415e-03
-9.05903807423000e-01   4.15122393020000e-01  -8.37358376660000e-02   3.00065162266874e-02
-1.71362819310000e-01  -5.24912670544000e-01  -8.33727456943000e-01   2.50355387383738e-02
 1.04867169676000e-01   3.53690738545000e-01   9.29465296927000e-01   3.16827821959281e-02
 3.06916531895000e-01  -2.57420255114000e-01   9.16262546821000e-01   3.66181614099650e-02
-1.74291153671000e-01   8.80575327401000e-01  -4.40692280991000e-01   1.97858058351148e-02
 6.93614241600000e-01   6.36901342684000e-01  -3.36535233723000e-01   1.20772702077735e-02
-4.02964222515000e-01   9.12600176841000e-01   6.91429866400000e-02   1.74935325198174e-02
-5.28503288282000e-01  -3.20011022940000e-02  -8.48327886920000e-01   2.81845690334978e-02
 6.12029705613000e-01   4.27512255370000e-01  -6.65321659767000e-01   1.97231706834151e-02
-8.91735056617000e-01   2.05952301950000e-02  -4.52088957280000e-01   2.32637957643756e-02
-3.94380571992000e-01  -4.75623280663000e-01  -7.86286499520000e-01   2.14994457554957e-02
-6.44298636703000e-01   1.69293006039000e-01  -7.45801008881000e-01   2.71924388077757e-02
-9.30342274689000e-01   1.02597004508000e-01   3.52047023270000e-01   1.01354146776219e-02
-7.18677538596000e-01   3.64451172758000e-01   5.92180663474000e-01   2.91091966887033e-02
 4.05957427477000e-01  -1.88779814720000e-02   9.13696989648000e-01   3.91353570003917e-02
 9.28097731551000e-01   1.45840917395000e-01  -3.42585795829000e-01   3.05763519084013e-02
 5.16199779608000e-01  -6.82433277993000e-01  -5.17515805188000e-01   3.18573511914978e-02
-2.14172343171000e-01   7.85600372741000e-01   5.80484506055000e-01  -1.09477459856946e-03
 1.52955726355000e-01  -6.97332674764000e-01  -7.00236878836000e-01   1.14763174865438e-02
-3.80268756250000e-01  -3.21286035499000e-01  -8.67277900337000e-01   2.70583897800513e-02
-2.63598905267000e-01  -2.11780044740000e-02   9.64399870006000e-01  -2.70814630090748e-04
-1.25889772642000e-01  -5.99503367270000e-01   7.90409689829000e-01   1.89144700476497e-02
 8.66058371305000e-01  -1.07011995682000e-01  -4.88355741517000e-01   1.23098959324843e-02
 8.26204640384000e-01  -7.09973502130000e-02   5.58878581152000e-01   1.94548042842058e-02
 9.07675937650000e-01   2.02616990150000e-02  -4.19182365759000e-01   1.61947953964668e-02
 5.68673102878000e-01  -5.69676171378000e-01  -5.93363262958000e-01   9.49185480635451e-03
 5.50860231712000e-01  -8.00668560603000e-01   2.35548001859000e-01   6.90247904460950e-03
-9.49841301409000e-01  -3.95260245450000e-02   3.10224427666000e-01   1.14234766319957e-02
 1.22251834514000e-01   5.82145892216000e-01  -8.03841184024000e-01   2.10279078762850e-02
-6.55569210949000e-01  -6.47321838983000e-01   3.88848873512000e-01   7.81196678851187e-04
 5.52482708156000e-01   1.76342154893000e-01  -8.14657168137000e-01   1.25755184007080e-02
-6.12726863504000e-01  -1.23123790124000e-01  -7.80644812348000e-01   1.41330702998897e-02
-4.08725997282000e-01   6.19450328530000e-02  -9.10552509222000e-01   3.49376912579510e-04
 1.60603327723000e-01   5.93718017590000e-01   7.88483028805000e-01   1.00967758100956e-02
 9.91295957766000e-01  -1.38693192460000e-02  -1.30919693328000e-01   3.21252116460002e-02
-6.05117204395000e-01   5.78364877914000e-01   5.47108066967000e-01   2.09594135510009e-02
 4.60232065754000e-01   2.86849440634000e-01  -8.40180840093000e-01   2.56340650477583e-02
 6.76601280922000e-01   1.88037531343000e-01  -7.11935807121000e-01   2.43303108053907e-02
 6.49144465271000e-01  -2.54774641570000e-01   7.16729617932000e-01   5.98457129927760e-03
-2.12651087678000e-01   9.54709582418000e-01   2.08108452852000e-01   2.18391038705294e-02
 6.45264609177000e-01  -1.09514062945000e-01   7.56068948020000e-01   1.79992855710197e-02
-6.92702802077000e-01   5.91713633225000e-01   4.12356404400000e-01   2.05915857811426e-02
-7.65664532448000e-01  -5.50914661651000e-01   3.32040448332000e-01   2.87321125572360e-02
 8.76673283744000e-01   2.86727179800000e-01  -3.86304902808000e-01   2.67801400149969e-02
-3.69038882026000e-01  -9.08876279066000e-01  -1.94304433569000e-01   6.51248366495102e-03
 1.85081086726000e-01   2.13314064689000e-01  -9.59292500305000e-01   1.65810760187553e-02
 9.62053152641000e-01  -2.72780076409000e-01   6.69039674400000e-03   2.20171386754527e-02
 6.34136225282000e-01   6.13535007910000e-02  -7.70783364977000e-01   2.21449968460405e-02
 3.49297916370000e-02   9.94275009991000e-01   1.00980761354000e-01   6.92609882653934e-03
-6.00120995239000e-01   7.75256962733000e-01   1.97056927834000e-01   2.26431532530727e-02
 3.46668437171000e-01   2.65455015711000e-01   8.99641389278000e-01   2.10151947806658e-02
 7.47847010858000e-01   4.64787357387000e-01   4.74022742876000e-01   1.68616281465211e-02
 7.13685200478000e-01  -6.99111169751000e-01   4.35546432360000e-02   1.68107006443879e-02
 2.20508959540000e-02  -3.66402278957000e-01  -9.30195209600000e-01   2.40285380291207e-02
 3.20980070321000e-01   7.11603589576000e-01   6.24973700053000e-01   1.65624815203789e-02
 9.51496628541000e-01  -2.73655107704000e-01  -1.40595333857000e-01   2.45556949095836e-02
 1.09121197258000e-01  -9.07092789368000e-01   4.06540570898000e-01   2.35859042056994e-02
 9.42418894945000e-01   3.34415948344000e-01  -3.54963988400000e-03   1.04419575608097e-02
-1.10198444600000e-01   9.37240606884000e-01   3.30811649759000e-01   2.84695522404390e-02
-5.41902644943000e-01   7.70775678649000e-01  -3.35031903865000e-01   4.49882914963079e-03
-3.20920294066000e-01   8.24203082707000e-01   4.66582729335000e-01   1.61375084545279e-02
 3.23168389511000e-01   2.54999786917000e-01  -9.11338192272000e-01   2.04040933740520e-02
-1.50473941928000e-01  -8.48685065776000e-01  -5.07041666857000e-01   2.26518328920044e-02
 3.79587255443000e-01  -7.86504305000000e-03  -9.25122508970000e-01   1.34336127459495e-02
-4.15483120315000e-01  -4.99497871791000e-01   7.60181328901000e-01   6.88207930559456e-03
