 0.00000000000000e+00   0.00000000000000e+00   1.00000000000000e+00   1.94957952485053e-01
 7.74110552215000e-01   0.00000000000000e+00   6.33050434760000e-01   1.94958091551896e-01
-9.23625479299000e-01   3.28631432803000e-01   1.97274821918000e-01   1.97919868067189e-01
-6.26121935232000e-01  -5.63875394302000e-01  -5.38531207937000e-01   1.98727829216457e-01
-9.06678926326000e-01  -3.98327930519000e-01  -1.38809885547000e-01   2.01647883719738e-01
 9.50615527919000e-01   2.27177218383000e-01  -2.11472526648000e-01   1.87285513327805e-01
 2.85057073940000e-02   4.24932162783000e-01   9.04776260563000e-01   1.85830014333566e-01
-7.97623436789000e-01   5.16708224910000e-01  -3.11142191602000e-01   2.02737612385642e-01
 3.23407285037000e-01   7.66868800670000e-01  -5.54364474461000e-01   1.91188212751272e-01
-7.14111610126000e-01   6.92944105792000e-01   9.93633460130000e-02   1.87285743689554e-01
-7.65490330702000e-01  -2.27176688674000e-01   6.02009390063000e-01   1.87285686137443e-01
 4.58147561047000e-01  -1.11982784152000e-01  -8.81794005627000e-01   1.99272102724324e-01
 5.27771200341000e-01   7.99137175530000e-01   2.87814757746000e-01   1.87288837180949e-01
-9.72636397277000e-01   1.11982216885000e-01  -2.03564294007000e-01   1.99272075655082e-01
 7.37415303426000e-01  -3.28630767588000e-01  -5.90102100375000e-01   1.97919889524578e-01
-1.11305998711000e-01  -7.99138257275000e-01   5.90752926705000e-01   1.87289031603538e-01
 9.18790814471000e-01  -3.21467914121000e-01   2.29089108067000e-01   1.99271963953994e-01
-8.41408601590000e-02  -9.95769216998000e-01  -3.69321286940000e-02   2.04744501912019e-01
 1.10003861327000e-01  -8.59766558575000e-01  -4.98698922446000e-01   1.96796599802272e-01
 7.12376242161000e-01   5.70983104712000e-01  -4.08042134758000e-01   1.96948721786757e-01
 6.82350349184000e-01  -4.24932265062000e-01   5.94836591912000e-01   1.85830036243079e-01
 4.57047264996000e-01   8.78381531864000e-01  -1.39834480868000e-01   2.04744479811399e-01
-7.16163231641000e-01   2.25443770066000e-01  -6.60518986998000e-01   1.94958082547784e-01
 1.24644322127000e-01   1.70894986577000e-01  -9.77373365979000e-01   1.85830194102848e-01
-8.35500333117000e-01  -1.70895882356000e-01  -5.22239208366000e-01   1.85830014826630e-01
 9.63890106207000e-01   1.30153141662000e-01   2.32327404478000e-01   2.02737627647155e-01
-1.74285679746000e-01   7.38608013239000e-01   6.51216327048000e-01   2.01647952300312e-01
 3.12614068239000e-01  -6.55826510800000e-01   6.87141930078000e-01   1.98727681302812e-01
-5.79478395490000e-02  -2.25443431592000e-01  -9.72531391290000e-01   1.94957913370457e-01
-4.62965311042000e-01   6.05889800040000e-01  -6.46962650374000e-01   1.98126999761000e-01
 2.64076835994000e-01  -5.16707727320000e-01  -8.14417920493000e-01   2.02737666546935e-01
-9.98705492800000e-02   8.65613737908000e-01  -4.90651332548000e-01   1.87288887028793e-01
-2.07740245608000e-01  -6.05890096431000e-01  -7.67946079749000e-01   1.98127029160918e-01
-4.04301734741000e-01   3.21466957635000e-01   8.56270461031000e-01   1.99272104583391e-01
 6.14445702244000e-01  -7.38607602899000e-01   2.77336055957000e-01   2.01647924877961e-01
 7.78683549448000e-01   1.22796318996000e-01  -6.15282856790000e-01   1.96823980053603e-01
-3.36199732537000e-01   2.12411506347000e-01  -9.17524436630000e-01   2.01295662196685e-01
-4.97433547378000e-01  -2.12410473440000e-01  -8.41095509865000e-01   2.01295690789639e-01
 5.28986389955000e-01  -6.92943346288000e-01  -4.89900926798000e-01   1.87285752216173e-01
 8.22237477488000e-01   5.66304047852000e-01   5.67913373660000e-02   1.96796754110522e-01
 7.79999621058000e-01  -6.13456972828000e-01  -1.23576428332000e-01   1.96823882668479e-01
-2.05149625760000e-02   5.63875005506000e-01  -8.25605301870000e-01   1.98727762872860e-01
 9.55580884362000e-01  -2.04309547629000e-01  -2.12421237613000e-01   1.97919954321350e-01
-3.30094344002000e-01   9.16289107150000e-01   2.26830324639000e-01   1.96948627031949e-01
-7.69369338611000e-01   2.04310266346000e-01   6.05250473664000e-01   1.97919954313050e-01
 4.66519122818000e-01   3.98329002224000e-01  -7.89742941743000e-01   2.01647844308313e-01
-4.55686306545000e-01   8.59766505956000e-01  -2.30546189005000e-01   1.96796629115134e-01
-4.30343687577000e-01  -1.30153772436000e-01   8.93232503934000e-01   2.02737580822101e-01
 3.84342650522000e-01  -2.27566535250000e-01   8.94703414000000e-01   2.01295674169900e-01
 3.84558910571000e-01  -9.16288670926000e-01  -1.11935319865000e-01   1.96948714519701e-01
 1.97500695988000e-01  -9.30845746807000e-01   3.07440515767000e-01   1.91188097705421e-01
 3.34022837465000e-01   6.55825922975000e-01   6.76994167483000e-01   1.98727713243088e-01
-4.76555376577000e-01  -5.66304757844000e-01   6.72453637286000e-01   1.96796621977921e-01
-7.66840380962000e-01  -5.70982383748000e-01   2.93146631527000e-01   1.96948724351815e-01
 1.12966167862000e-01   9.30845948663000e-01   3.47511819622000e-01   1.91188306131089e-01
 7.32015806811000e-01   4.40851237225000e-01   5.19425687867000e-01   1.98126959039843e-01
-5.89440088263000e-01   6.13457073624000e-01   5.25576636819000e-01   1.96823892229599e-01
-6.33873783570000e-01  -7.66867670677000e-01  -1.00588280500000e-01   1.91188052949606e-01
-3.16595202601000e-01  -8.65614354658000e-01  -3.87916571830000e-01   1.87289070397528e-01
-9.69242888694000e-01  -1.22795658405000e-01   2.13282556702000e-01   1.96823901682027e-01
-3.97582205220000e-01  -8.78381584582000e-01   2.65281326066000e-01   2.04744604514501e-01
 4.49290374061000e-01   2.27565771420000e-01   8.63916650756000e-01   2.01295810347311e-01
 2.46759635020000e-02   9.95769104834000e-01  -8.85154601380000e-02   2.04744512138276e-01
-6.13109192710000e-02  -4.40852084214000e-01   8.95483339333000e-01   1.98127158213457e-01
