 0.00000000000000e+00   0.00000000000000e+00   1.00000000000000e+00   1.83926221271560e-02
 7.71541584827000e-01   0.00000000000000e+00  -6.36178892201000e-01   1.79330209932069e-02
-8.09237202979000e-01  -5.70916439013000e-01  -1.38526419787000e-01   2.36653742535833e-02
 2.10499316654000e-01  -8.57552414296000e-01  -4.69354763930000e-01   1.75099142964201e-02
-4.83706548879000e-01   8.40073601348000e-01   2.45569376937000e-01   1.93880712572462e-02
 9.09233805672000e-01  -2.85623101681000e-01   3.02842088241000e-01   1.69035616543331e-02
-3.66325857518000e-01   7.87230479950000e-01   4.96057998173000e-01   2.27130777696883e-02
-2.62016184707000e-01   1.72347395272000e-01  -9.49549311144000e-01   1.87032348522728e-02
 7.47490679787000e-01  -6.45158463803000e-01   1.58203161206000e-01   1.76550245881405e-02
 2.53830752430000e-02   5.07327254011000e-01  -8.61379566062000e-01   1.91659430488663e-02
 7.66386547860000e-02  -9.75226603838000e-01  -2.07508042638000e-01   1.97838309948853e-02
-9.47593003352000e-01   2.59807036059000e-01  -1.85924188883000e-01   1.43764544267720e-02
 9.79138866489000e-01  -1.23499169427000e-01  -1.61353758188000e-01   1.72538544724533e-02
 6.10983035441000e-01   1.35239505371000e-01  -7.80006414455000e-01   1.67257542048154e-02
 4.41187536310000e-02  -2.27004212505000e-01   9.72893942361000e-01   1.84061736684433e-02
-6.58013466370000e-02  -9.79697268245000e-01  -1.89376464680000e-01   1.93167043347218e-02
-7.30190840620000e-02   8.86177404983000e-01  -4.57556357470000e-01   1.59915069517504e-02
 7.18141626797000e-01  -5.96929773706000e-01  -3.57697426779000e-01   1.85395328793685e-02
 9.39107392284000e-01   1.06170100616000e-01  -3.26810672245000e-01   2.07768401835688e-02
 1.73814655920000e-02   8.80409434115000e-01   4.73895677311000e-01   1.64920371641110e-02
 8.55902824882000e-01  -4.86540280056000e-01  -1.75239579556000e-01   1.77911700737795e-02
 4.80445969309000e-01   6.17893480416000e-01  -6.22398037782000e-01   1.82178475293641e-02
 5.25081762314000e-01  -8.48744080167000e-01  -6.26308970600000e-02   2.03577324805708e-02
-5.71667975328000e-01   7.60023195528000e-01  -3.09128562648000e-01   2.11482376595441e-02
 9.74075178310000e-01  -2.15856552402000e-01   6.77015198230000e-02   1.75878058721332e-02
-7.77896432664000e-01   2.07181751459000e-01   5.93256152021000e-01   2.08005211627813e-02
-7.11154782469000e-01  -4.87365927454000e-01  -5.06688590880000e-01   1.52277431150724e-02
 5.43645039120000e-01  -8.36540035244000e-01   6.81970737910000e-02   1.84641143733207e-02
-3.27220938613000e-01   8.11033078653000e-01  -4.84924532957000e-01   1.56975194062315e-02
 7.60913745555000e-01  -5.25932784230000e-02   6.46718036621000e-01   1.98725385790002e-02
-8.60135555830000e-01  -2.48015551578000e-01  -4.45707428446000e-01   2.29310944882557e-02
 6.49464652506000e-01  -5.82382736954000e-01  -4.88902866471000e-01   1.82025600602886e-02
-4.16833571653000e-01  -5.66671530844000e-01  -7.10727197787000e-01   1.56828811163850e-02
-2.51698470679000e-01  -7.42090201277000e-01  -6.21248752937000e-01   1.69744073324037e-02
-8.83692598957000e-01  -3.96511323907000e-01   2.48729090704000e-01   1.91359003579670e-02
-9.45003869906000e-01  -3.17772983891000e-01  -7.73822755710000e-02   1.69608456960045e-02
 7.44787063277000e-01   2.65344858643000e-01  -6.12277989452000e-01   1.68267256673663e-02
-2.92495860665000e-01   6.47977500916000e-01   7.03257655345000e-01   1.94405776438149e-02
 4.59488273293000e-01  -4.69760784709000e-01   7.53787325348000e-01   1.93294848862640e-02
 5.81395265800000e-01   6.23153647343000e-01  -5.23124341537000e-01   1.86998022131607e-02
-6.69708444312000e-01   2.66988884720000e-01  -6.92970082366000e-01   1.96079096929358e-02
 3.89308434096000e-01  -9.20762001226000e-01   2.52245959370000e-02   2.11735909369194e-02
-5.05436842273000e-01   4.40491212273000e-01   7.41957606864000e-01   1.65392901180467e-02
-5.73406188920000e-02  -1.31187815512000e-01   9.89697837972000e-01   1.96900278739403e-02
-4.52464319100000e-03  -6.75232818328000e-01   7.37590786722000e-01   1.51504435639828e-02
 7.62025047458000e-01   3.88319341407000e-01  -5.18194863093000e-01   1.73774423467558e-02
 1.02784598720000e-02  -9.97465821451000e-01  -7.04009112170000e-02   1.66454671882574e-02
-4.73135184317000e-01  -5.31184292689000e-01   7.02841621250000e-01   1.74223876079634e-02
 3.89214880958000e-01   8.40487771714000e-01   3.76951034010000e-01   2.24469197549093e-02
-6.70753652810000e-02  -8.96988145715000e-01  -4.36936107251000e-01   2.04774851660939e-02
 7.39499969148000e-01  -5.98957253556000e-01   3.07229562450000e-01   1.69327962314958e-02
-2.57086312348000e-01  -4.64526885217000e-01  -8.47420439283000e-01   1.90038483212488e-02
-6.39305437268000e-01  -7.30827744500000e-01   2.39122072901000e-01   2.07616503454289e-02
-8.37249798602000e-01  -1.32857292680000e-01  -5.30435400895000e-01   1.85277345324411e-02
 7.58752027542000e-01   5.01710234993000e-01  -4.15430139498000e-01   1.89596982983632e-02
-2.06688542136000e-01   3.23448277195000e-01   9.23396479595000e-01   1.93450758278491e-02
-6.71501566442000e-01  -4.20526273065000e-01   6.10117447651000e-01   1.77810396025582e-02
 4.66650070213000e-01   7.17403616393000e-01  -5.17271459832000e-01   1.94196597886434e-02
 7.71073126840000e-01  -5.96972768945000e-01  -2.21516920806000e-01   2.03065108118894e-02
-5.15721776990000e-01   7.71692929690000e-02   8.53273665925000e-01   1.79240310489839e-02
-3.62866628623000e-01  -1.71256096858000e-01   9.15968972794000e-01   1.75380663827985e-02
-6.94507594332000e-01   3.82924550638000e-01  -6.09120669435000e-01   1.94004092541395e-02
-8.38488905886000e-01   5.44202255298000e-01   2.79331350670000e-02   2.45934656251257e-02
-9.40742973090000e-02   9.40324207316000e-01  -3.27017448648000e-01   2.32528623642177e-02
 1.32705764796000e-01  -8.05730184549000e-01  -5.77224436157000e-01   2.03099423792569e-02
 8.90958510429000e-01   2.42912617710000e-01  -3.83648788414000e-01   1.67892800221066e-02
 6.46972938673000e-01  -7.53153447456000e-01   1.19104580975000e-01   1.79486805828075e-02
 9.89383767155000e-01  -7.09114802860000e-02   1.26851579623000e-01   2.38819614327306e-02
-5.54861736077000e-01   7.56909308215000e-01   3.45277791025000e-01   2.40045510307436e-02
 2.04319627506000e-01   8.40749048758000e-01  -5.01392587529000e-01   1.62519316802448e-02
-5.06462672762000e-01  -6.85762579469000e-01  -5.22709523252000e-01   1.88319610548134e-02
-4.03934153909000e-01  -8.91260053547000e-01   2.06137614855000e-01   1.61711357225052e-02
 2.85644848588000e-01  -2.94034950215000e-01   9.12113188440000e-01   1.94472892177367e-02
 5.38833219876000e-01   2.63531865567000e-01  -8.00131062382000e-01   1.95658061051649e-02
-9.45235394235000e-01   3.11376537806000e-01   9.78504020870000e-02   2.26198960515914e-02
 3.06037417092000e-01  -3.55520371018000e-01  -8.83145721345000e-01   1.74310168457878e-02
 5.03757660876000e-01   8.50868932184000e-01  -1.49165275293000e-01   1.64289741230207e-02
 2.68779488870000e-02  -4.31489509791000e-01  -9.01717460629000e-01   1.98411243943125e-02
-7.84748026319000e-01   3.57334562714000e-01  -5.06441058247000e-01   1.93873195251222e-02
 9.33129839063000e-01  -3.21186226612000e-01   1.61580046059000e-01   2.26476822528879e-02
 5.97100041389000e-01   9.41779130030000e-02   7.96619144432000e-01   1.83614657670795e-02
 8.22750605653000e-01  -5.64853495085000e-01   6.34190033650000e-02   1.75398323223918e-02
 1.42303195254000e-01  -3.27676612280000e-01   9.34011690711000e-01   1.62306468915519e-02
 4.44432780964000e-01  -8.84317440022000e-01   1.43046036221000e-01   1.59058946718279e-02
-9.61659482748000e-01   1.17120451064000e-01  -2.47979513637000e-01   1.90732254514415e-02
-6.50634171142000e-01  -2.99679810538000e-01   6.97758687870000e-01   1.95607635198850e-02
-4.71500691108000e-01   3.27893802520000e-02  -8.81255896336000e-01   1.73296520487563e-02
-9.62259517617000e-01   1.96948822882000e-01   1.87797182941000e-01   2.08629311951456e-02
-6.76607863287000e-01  -5.38436962805000e-01   5.02282227859000e-01   1.70423199035209e-02
-1.80766358443000e-01  -2.16101747468000e-01  -9.59491301887000e-01   1.71706237899030e-02
-9.74847672719000e-01  -1.72701082821000e-01   1.40877077579000e-01   1.87824669092705e-02
-8.15121057038000e-01  -1.69498590450000e-01   5.53938525658000e-01   1.80720640241596e-02
 9.95388052305000e-01   8.81460744800000e-03  -9.55244891340000e-02   2.25637644681541e-02
-3.63120308186000e-01   9.06078128558000e-01  -2.17177500518000e-01   1.75918149134343e-02
 6.54447431280000e-01  -4.80878522694000e-01   5.83484709399000e-01   2.01988587578127e-02
-3.45034969254000e-01   8.68730463953000e-01  -3.55328370654000e-01   2.21786443186178e-02
-4.50351398806000e-01  -2.25213239606000e-01  -8.63980679356000e-01   1.71261686129722e-02
 9.78240105520000e-02  -9.93959241304000e-01   4.97542921420000e-02   2.00923328555736e-02
 3.40328405562000e-01  -2.16697847423000e-01  -9.14996513266000e-01   1.67838762029067e-02
-9.98781121612000e-01   4.36388188880000e-02  -2.30634905630000e-02   2.07907203334704e-02
-6.00026771480000e-01   3.25821771197000e-01   7.30621685225000e-01   1.99725938027119e-02
 3.24971678280000e-01  -5.13348037156000e-01   7.94271490779000e-01   2.14526959243211e-02
 3.68486847101000e-01   5.99414408841000e-01  -7.10577096441000e-01   1.94909961751850e-02
-2.07179844669000e-01  -8.88342410824000e-01  -4.09785642860000e-01   1.67435492367172e-02
-3.85115641692000e-01   5.36218074237000e-01  -7.51103268123000e-01   1.83728757308383e-02
-6.63552484996000e-01  -6.93795403082000e-01  -2.79903623265000e-01   2.29270475747985e-02
 5.13099319891000e-01   1.99973929422000e-01   8.34709240082000e-01   2.26031462772430e-02
-2.82691956226000e-01  -9.57929862375000e-01  -4.95543807830000e-02   1.97835733987034e-02
-2.27646475065000e-01   9.28311146316000e-01  -2.93965130611000e-01   1.44051547840533e-02
-8.92321340714000e-01   3.64980482284000e-01  -2.65616024475000e-01   1.86551044016593e-02
-7.61045910086000e-01  -6.48596433561000e-01  -1.14799439950000e-02   1.78509884493626e-02
 5.32691935963000e-01   8.38094715759000e-01   1.17628860304000e-01   1.54026700786518e-02
-5.93632699291000e-01  -6.95697809248000e-01  -4.04480872897000e-01   1.53189100325935e-02
-2.01158519295000e-01  -9.77114426253000e-01   6.91566925370000e-02   1.66707128305418e-02
-3.18103477026000e-01  -2.18158510644000e-01  -9.22614243407000e-01   1.98300133582879e-02
-1.50967404890000e-01   6.37391188881000e-01  -7.55606587450000e-01   1.86018347836728e-02
-3.42748475866000e-01   4.04771060870000e-02  -9.38554785921000e-01   1.97137852703064e-02
 9.61120869133000e-01  -1.84278545744000e-01   2.05640687839000e-01   1.53492563964558e-02
-9.20033108431000e-01   2.20926793468000e-01  -3.23620814101000e-01   2.20267721180752e-02
 8.81044935482000e-01   1.17927526391000e-01  -4.58097064148000e-01   1.81790675319835e-02
-2.82244850134000e-01   8.67106504172000e-01   4.10443851208000e-01   1.84014844932300e-02
-7.86314940909000e-01  -4.37183078440000e-02   6.16277148094000e-01   2.16655387915709e-02
-3.71578046170000e-02  -1.98045820917000e-01  -9.79488208389000e-01   1.92694962645904e-02
-5.36146823247000e-01   8.35924863319000e-01   1.17372087000000e-01   2.17201659432756e-02
 6.78953966782000e-01   5.11544660728000e-01  -5.26634190943000e-01   1.82900160868382e-02
-7.19200027225000e-01  -6.78652623639000e-01  -1.48936017362000e-01   1.61163490740026e-02
 6.73713990690000e-01   3.92962954851000e-01  -6.25851080420000e-01   2.07939518037352e-02
 9.68234240110000e-01  -2.38144368448000e-01  -7.62214933910000e-02   2.30346577683984e-02
 6.37857515687000e-01  -3.86115880753000e-01  -6.66372505669000e-01   2.15591775735726e-02
 1.01540137164000e-01   7.03986143766000e-01  -7.02917569797000e-01   1.92651966002711e-02
-4.10445548411000e-01  -2.92208160973000e-01   8.63799075278000e-01   1.89361123047542e-02
-6.87851989443000e-01  -4.64275558920000e-02   7.24364633782000e-01   1.83565866822998e-02
 9.46706190682000e-01   1.99073833862000e-01   2.53213343242000e-01   2.04958269850049e-02
 8.42270289324000e-01  -3.54291876981000e-01   4.06273338562000e-01   2.11564510632990e-02
 2.69827675233000e-01  -8.05466827444000e-01   5.27651604343000e-01   1.94496599088616e-02
 8.25104650894000e-01   4.81320755897000e-01  -2.95859164157000e-01   1.74189067931880e-02
-1.18277663254000e-01   1.67553740051000e-01  -9.78742120566000e-01   1.89102617272726e-02
 2.43996159490000e-01   9.60542515496000e-01  -1.33506367187000e-01   1.73987517114904e-02
-3.68669709470000e-01  -6.30127712322000e-01   6.83389867852000e-01   2.15693413542953e-02
-2.10202577331000e-01   8.81257777482000e-01  -4.23319744533000e-01   1.89135294075632e-02
 1.75970251622000e-01  -9.69500143822000e-01   1.70598773948000e-01   1.86547831209898e-02
 4.68095541469000e-01   8.47370766589000e-01   2.50697722342000e-01   1.74164635187732e-02
 9.79352775816000e-01   6.71570383260000e-02   1.90677929253000e-01   1.57887345985246e-02
-2.82240926670000e-02  -9.52029399052000e-01   3.04702188923000e-01   1.86919705137214e-02
 3.09237127117000e-01   4.04217607330000e-01   8.60802256698000e-01   2.22762680116991e-02
 2.71395732485000e-01  -7.69879096066000e-01  -5.77607595025000e-01   1.74249028709380e-02
-3.68771198644000e-01  -6.71086653400000e-01  -6.43156673509000e-01   2.31417101290693e-02
 9.22387055740000e-02  -4.51982913630000e-01   8.87244874305000e-01   1.89739181392047e-02
 4.18197878122000e-01   8.66150701316000e-01  -2.73666763318000e-01   1.83925592982465e-02
 2.50240312375000e-01   5.55251866783000e-01   7.93142578920000e-01   2.12722925289281e-02
-9.57858339807000e-01   8.07436404310000e-02   2.75658965740000e-01   1.36776013410850e-02
-7.96317709550000e-01   4.47142659265000e-01   4.07359236696000e-01   1.37716481772393e-02
-8.14126359870000e-02   4.03062147036000e-01  -9.11544232788000e-01   1.83619881876204e-02
-4.91073630454000e-01  -6.34922653343000e-01   5.96422596608000e-01   1.69203726586365e-02
 9.77237742044000e-01   1.19701879499000e-01  -1.75150950809000e-01   1.65556910381117e-02
 2.29457763736000e-01   6.71459981804000e-01   7.04620910488000e-01   1.47569896169371e-02
-9.43303784783000e-01  -3.19195622278000e-01   9.10611021900000e-02   1.60463518660421e-02
-9.21753125380000e-01  -2.34119901699000e-01  -3.09126264624000e-01   1.83798704244355e-02
 7.16898586212000e-01  -1.27359000566000e-01  -6.85445914761000e-01   2.01502603873686e-02
 1.82347108002000e-01  -7.11026431097000e-01  -6.79110408170000e-01   1.82974755783915e-02
 8.29802573057000e-01  -2.54984076082000e-01  -4.96397835100000e-01   1.99014592553934e-02
 8.32580006835000e-01  -3.74909805929000e-01  -4.07741547597000e-01   1.74856859612867e-02
-4.69398937321000e-01   8.74835134041000e-01  -1.19700149914000e-01   2.20294513299436e-02
-7.66728071250000e-01   2.44994960508000e-01  -5.93384811132000e-01   1.64320149420594e-02
 1.91856246580000e-01  -1.94940408176000e-01   9.61867671724000e-01   2.03268640400161e-02
-1.70505144562000e-01   2.00857338125000e-01   9.64667987133000e-01   1.80678950802763e-02
-4.36234224373000e-01   7.24838528286000e-01  -5.33206160315000e-01   2.13689953232706e-02
-1.36601124900000e-01  -9.88853525500000e-01  -5.92354436370000e-02   1.99072273663654e-02
 9.78063883802000e-01   1.76989877877000e-01   1.09843626721000e-01   2.07320652414856e-02
 4.35059686953000e-01  -2.89472066142000e-01  -8.52601308767000e-01   2.04243110600760e-02
-2.18562008241000e-01   4.19818712532000e-01  -8.80898914270000e-01   1.86523254030660e-02
 1.81684230780000e-01   9.06325700572000e-01  -3.81529244972000e-01   1.86603754054597e-02
 2.80739113352000e-01   2.26800249690000e-02  -9.59516110705000e-01   1.73354238569450e-02
-8.42838353092000e-01  -4.72241574682000e-01  -2.58091855159000e-01   1.84734118624924e-02
-9.08332817993000e-01  -4.18181184209000e-01   7.48257515300000e-03   2.21687820062099e-02
-7.81922436680000e-02  -3.28109782654000e-01  -9.41397866769000e-01   1.96942312003025e-02
 5.64558551083000e-01   7.17424943598000e-01  -4.08136120310000e-01   1.89797460353158e-02
-5.73018094431000e-01  -2.36525888224000e-01  -7.84669209065000e-01   2.11622596233516e-02
 5.80777167977000e-01   8.13824190961000e-01  -1.96994254330000e-02   2.21409029300258e-02
-1.75277109038000e-01  -9.34776553420000e-01   3.08983381791000e-01   1.69615413295329e-02
-1.14356563153000e-01   9.76500451308000e-01  -1.82673055099000e-01   1.57770348635325e-02
 1.11466979490000e-02   9.74900026216000e-01  -2.22363868488000e-01   1.78610015866288e-02
 1.36717339252000e-01   2.29981944400000e-03  -9.90607429802000e-01   2.17045156395714e-02
 5.52412844562000e-01  -7.73504358348000e-01  -3.10694474973000e-01   2.00209014964699e-02
 8.71317702880000e-01  -2.14944018804000e-01   4.41140033807000e-01   1.62080355382956e-02
-5.23968026253000e-01   5.46207423615000e-01   6.53540326111000e-01   1.74939573837725e-02
 4.17447836845000e-01   3.03995924819000e-01   8.56343261319000e-01   1.44276784377863e-02
-9.85696415770000e-01   1.03832082730000e-02  -1.68210478042000e-01   1.44680879399492e-02
 8.44532794890000e-02   7.95794870243000e-01  -5.99648370363000e-01   1.69021735730813e-02
-6.62388425068000e-01   6.66466975074000e-01  -3.42145211089000e-01   1.81156605451810e-02
 8.12789583159000e-01  -4.90988774134000e-01  -3.13533279228000e-01   1.71854281701256e-02
 6.47528966192000e-01  -2.54022968049000e-01  -7.18455683843000e-01   1.82866958402148e-02
-6.12436257220000e-01   7.60240668704000e-01   2.16693231299000e-01   1.36954642136121e-02
 9.53215531809000e-01   2.73036903645000e-01  -1.29734340731000e-01   2.18165767953330e-02
-1.63258629611000e-01  -3.78288843155000e-01   9.11177354307000e-01   1.84784225483152e-02
 8.25934536494000e-01  -1.43167763852000e-01   5.45284451291000e-01   1.99668928860174e-02
-2.20901535908000e-01  -3.43272142501000e-01  -9.12889230748000e-01   1.86673556133554e-02
-4.77992387417000e-01   3.25946090649000e-01   8.15648468130000e-01   1.89781845029118e-02
 5.27603697032000e-01  -7.09281494802000e-01   4.67497700540000e-01   2.01821456164675e-02
 5.05020845764000e-01  -4.83990860055000e-01  -7.14637525412000e-01   1.96266818794466e-02
 7.98455873668000e-01  -4.81880427960000e-01   3.60914769654000e-01   1.88638360313702e-02
 8.36285964859000e-01   3.75154549804000e-01  -3.99856035019000e-01   1.94729643308552e-02
 7.18544738564000e-01   9.90321565040000e-02   6.88393848505000e-01   2.32194500919547e-02
 7.57006038152000e-01  -4.20302513191000e-01   5.00287572908000e-01   1.59751545270033e-02
 4.75700884134000e-01   5.42823579737000e-01   6.92135268655000e-01   1.99790488776346e-02
 6.95315147134000e-01   6.79003751920000e-01   2.35564749155000e-01   1.30767170824003e-02
 2.22384769436000e-01   7.59522488456000e-01  -6.11286024584000e-01   2.05793377924416e-02
-3.06131618031000e-01   7.37327012267000e-01   6.02189595910000e-01   1.66440948975641e-02
-6.13538226414000e-01  -7.73719772642000e-01  -1.57887802415000e-01   1.74187118248651e-02
 6.49165891370000e-01   2.65442157482000e-01  -7.12828244750000e-01   1.87273855252724e-02
 8.05354279719000e-01  -5.87471847883000e-01  -7.92547290980000e-02   1.65286201915771e-02
 2.70203604818000e-01  -6.32283462641000e-01   7.26090651926000e-01   1.88365264658685e-02
-7.07926221885000e-01   3.26305728704000e-01   6.26390481874000e-01   1.46971977308392e-02
 6.45268139364000e-01   7.55952224420000e-01   1.10296249786000e-01   1.84597510444417e-02
 6.76562949299000e-01  -4.67339888072000e-01  -5.69083477754000e-01   1.65185730131808e-02
-2.75383983688000e-01  -8.15631894116000e-01  -5.08830300620000e-01   1.99323463036361e-02
-5.35256813496000e-01   6.39152139868000e-01   5.52254185777000e-01   2.12794078518118e-02
 9.37403708377000e-01  -3.47864331337000e-01   1.62694346800000e-02   1.60017290321431e-02
 3.56006342764000e-01   7.02734409976000e-01  -6.15973889826000e-01   1.75815147608299e-02
 8.58632414474000e-01   5.11037696289000e-01  -3.98854583270000e-02   2.02305758800859e-02
-1.03189152751000e-01  -7.51985823720000e-01  -6.51052470757000e-01   2.06713630504849e-02
-9.76190599226000e-01  -4.58700272610000e-02   2.12009090800000e-01   2.13512232125810e-02
 6.63485739723000e-01   3.43842056704000e-01   6.64499295129000e-01   2.38234659213157e-02
-5.54551886870000e-01   7.02844290822000e-01  -4.45513308027000e-01   1.67000774209000e-02
 5.33988712347000e-01  -5.42102994980000e-01   6.48830022363000e-01   2.06882437027827e-02
 4.36717089310000e-02  -5.68171086335000e-01   8.21750812894000e-01   2.12394978274250e-02
 1.83871179110000e-02  -6.07777287510000e-02  -9.97981954538000e-01   1.62440328691475e-02
-8.13407457109000e-01   5.58018166728000e-01   1.64268178056000e-01   1.47332530804853e-02
 5.40909627539000e-01  -8.12633243671000e-01   2.16896256575000e-01   2.12629416738924e-02
 7.07663640006000e-01  -5.41778294491000e-01   4.53528887980000e-01   1.98446061779664e-02
 5.04737753320000e-02   9.68583128412000e-01   2.43514109158000e-01   1.67362780664033e-02
-7.67279477168000e-01   6.34762851743000e-01  -9.14238807110000e-02   1.80790832943267e-02
-3.10519444738000e-01   2.05139113231000e-01   9.28167882800000e-01   1.77761846690376e-02
-2.53161042324000e-01   5.36910433980000e-01  -8.04758766671000e-01   1.81348973356485e-02
 4.80756721436000e-01  -1.24789225787000e-01  -8.67928927921000e-01   1.90270950953491e-02
 7.93572941589000e-01  -2.88060601531000e-01   5.35969286641000e-01   1.89624104802872e-02
 3.97136203221000e-01   1.54681421736000e-01   9.04630584195000e-01   1.86631061116991e-02
 8.81657078597000e-01   1.03491929880000e-01   4.60402233063000e-01   1.88412933721259e-02
 1.51015511857000e-01  -9.84958148081000e-01  -8.39747682760000e-02   1.89579892018030e-02
 8.69312323336000e-01   4.49178138942000e-01   2.06240354908000e-01   1.91258088534627e-02
-5.90951160900000e-01   2.02789698020000e-02  -8.06452409516000e-01   2.02224077075536e-02
 6.61945107538000e-01  -7.06946201767000e-01   2.49109900273000e-01   1.99288561116420e-02
 5.97246805570000e-01  -6.00805428503000e-01   5.31346488007000e-01   1.58715544449094e-02
-3.47679628578000e-01   3.30557676344000e-01   8.77411248208000e-01   1.72492894341539e-02
 2.59725938995000e-01  -9.21318061188000e-01   2.89336252036000e-01   1.82338850816770e-02
 4.04032219723000e-01  -5.91731925122000e-01   6.97575296450000e-01   1.58664257546138e-02
-1.00244310525000e-01   9.69461351112000e-01   2.23820836624000e-01   1.98532852476393e-02
 8.83629956062000e-01  -1.36074587443000e-01  -4.47975230790000e-01   1.76337149309888e-02
-8.59439161233000e-01   2.08100806910000e-01   4.66967217588000e-01   1.36408951169087e-02
 6.62959751370000e-02  -3.03439514209000e-01  -9.50541585044000e-01   1.65575148207184e-02
 4.83428268320000e-01  -7.55685715766000e-01  -4.41855415692000e-01   1.76605621022697e-02
 8.32050454752000e-01   3.54303477428000e-01   4.26803334838000e-01   1.88280686064204e-02
 9.27838784263000e-01  -1.50789129937000e-01   3.41141948037000e-01   2.17779728339647e-02
 8.96211535638000e-01  -2.56887177751000e-01  -3.61681989180000e-01   1.76870748757127e-02
 2.85670334385000e-01  -9.53646904545000e-01  -9.46046589970000e-02   1.93127298763982e-02
-6.74340118085000e-01   7.35908498359000e-01  -6.08612124710000e-02   2.22441859274868e-02
 9.21500669637000e-01   3.83652847400000e-01  -6.03904672980000e-02   1.36591175063291e-02
-3.58452002970000e-01  -9.18421534946000e-01  -1.67373969643000e-01   1.88286318316423e-02
-9.82973778082000e-01   1.78994127775000e-01   4.15169101170000e-02   1.33237207507670e-02
-7.54217533787000e-01   6.54929225361000e-01   4.71552912830000e-02   1.41569690830999e-02
 7.55769500388000e-01   3.57090284386000e-01   5.48907087840000e-01   1.45673665888479e-02
 9.61768267713000e-01  -4.19882203940000e-02   2.70626659013000e-01   1.60262052089697e-02
-6.99275693829000e-01   4.22142253400000e-03  -7.14839620903000e-01   1.94228892308561e-02
 6.74361727049000e-01   9.98352253000000e-03  -7.38333657887000e-01   1.75387645500243e-02
 3.68068036203000e-01  -4.79789160800000e-03   9.29786481382000e-01   2.04310378935073e-02
 1.36039853279000e-01   5.44092022880000e-02   9.89208166680000e-01   1.90749260242609e-02
 4.18928153819000e-01  -2.50802966453000e-01   8.72695292732000e-01   2.12760911161304e-02
 1.20846963039000e-01   5.96635124300000e-01  -7.93361544301000e-01   1.77384718459186e-02
-4.14601487740000e-01   6.38079545843000e-01  -6.48814379881000e-01   1.72109661899323e-02
-8.35641892396000e-01   4.90946099363000e-01  -2.46322055841000e-01   1.72327078540514e-02
-6.64378482723000e-01  -7.47020442714000e-01  -2.36999970740000e-02   2.11577590202311e-02
 5.38355929298000e-01  -3.60895301274000e-01  -7.61529694042000e-01   1.68068227453239e-02
 8.72348681271000e-01  -4.13481487986000e-01   2.60846386554000e-01   1.69177432050034e-02
 3.71226021055000e-01  -5.50294302193000e-01  -7.47908699151000e-01   1.85687220976102e-02
-2.97062229155000e-01   9.52983489542000e-01   5.98038516350000e-02   2.33754727092216e-02
 9.05070224252000e-01  -4.45186158780000e-02   4.22925504095000e-01   1.78147586403179e-02
-8.86557910020000e-02  -9.00848119553000e-01   4.24985665900000e-01   2.00476181360272e-02
 6.06956401481000e-01  -6.84673267247000e-01  -4.03517587992000e-01   1.84110309500839e-02
 2.43766600804000e-01  -9.69087291010000e-01   3.80482159230000e-02   1.72321019119103e-02
 2.72732338294000e-01  -4.83585260119000e-01  -8.31722530562000e-01   1.94573792365615e-02
-5.85884042207000e-01  -5.33626466869000e-01   6.09903830898000e-01   2.07552341172800e-02
-8.45855457013000e-01   5.22036386455000e-01  -1.09574436150000e-01   1.66002038960247e-02
-5.60485991351000e-01   2.83849139849000e-01  -7.78000719348000e-01   1.93428259616317e-02
-3.53807277278000e-01  -5.12099981377000e-01   7.82671080096000e-01   1.84195092906704e-02
-9.06602033155000e-01   1.09361075640000e-01  -4.07569513842000e-01   1.46679330123900e-02
 5.33094850770000e-02   3.81911425801000e-01  -9.22660155010000e-01   1.85471956470521e-02
-8.76088186084000e-01  -4.63677025513000e-01   1.32185877521000e-01   1.77431348673343e-02
-2.16767870943000e-01   8.20372619862000e-01   5.29150691871000e-01   1.59801401761620e-02
 2.02090264978000e-01  -7.41090084389000e-01   6.40269483593000e-01   1.64771965168408e-02
-5.30522107133000e-01  -8.18512343686000e-01   2.20417415546000e-01   1.85930652163398e-02
 6.68235636300000e-01  -6.94767160341000e-01  -2.66007006092000e-01   1.76792591372791e-02
-2.14206800420000e-01  -1.58093510324000e-01   9.63909689051000e-01   1.86472872717254e-02
 9.20285415122000e-01  -1.48707753110000e-02  -3.90964978937000e-01   1.69582135136458e-02
 9.42297380538000e-01  -2.51655474652000e-01  -2.20783080667000e-01   1.66363924649856e-02
-9.15241214637000e-01   3.24690473412000e-01   2.38557363133000e-01   1.30614123436486e-02
 5.15565315735000e-01   7.72318176691000e-01   3.71102464508000e-01   1.39226257306195e-02
-3.75639581720000e-02   9.36152769182000e-01   3.49581094740000e-01   1.94849211281495e-02
 1.44857914894000e-01  -9.28311405951000e-01  -3.42423886542000e-01   2.03528642590455e-02
-7.12929589438000e-01   5.57650647105000e-01   4.25155449557000e-01   2.32201553812554e-02
-3.92058421108000e-01  -7.50867996298000e-01  -5.31495481236000e-01   1.57985271519643e-02
-5.66129719022000e-01  -7.42061455471000e-01   3.58945591342000e-01   1.60067080137018e-02
-8.68191361703000e-01  -3.92498771670000e-02   4.94674849378000e-01   1.46605316802206e-02
-2.46875905267000e-01   9.55609316769000e-01  -1.60820151418000e-01   2.25104871366622e-02
 6.32068664390000e-02   8.04021653437000e-01   5.91230980954000e-01   1.66840521586518e-02
 3.38764830720000e-01  -7.06156112547000e-01   6.21757134402000e-01   2.05380033782260e-02
-6.35097930094000e-01   7.93073833240000e-02   7.68349502597000e-01   2.11075333460442e-02
 8.06263701715000e-01  -1.35258017554000e-01  -5.75885502495000e-01   1.79765176206938e-02
 1.92423611607000e-01  -8.88274139755000e-01   4.17063791691000e-01   1.84065693273805e-02
-8.63830509080000e-02  -7.64642118307000e-01   6.38639490971000e-01   1.97038347401829e-02
-1.43861178416000e-01  -6.76876632460000e-01   7.21901645499000e-01   1.99498343302366e-02
 7.25532572000000e-02  -8.86726797816000e-01  -4.56565012791000e-01   1.83390634054339e-02
-8.87316694288000e-01   4.38999103147000e-01   1.41240473926000e-01   1.90530953172319e-02
 2.15341416901000e-01  -9.51071360415000e-01  -2.21565659714000e-01   1.68076322268922e-02
 4.52489496252000e-01  -1.08250412523000e-01   8.85175182645000e-01   1.89594453451715e-02
-8.83638111906000e-01  -4.50730878554000e-01  -1.26591320025000e-01   1.47894760287129e-02
 3.33819191983000e-01   7.25759066555000e-01   6.01530152509000e-01   2.11238434210132e-02
 7.19489862642000e-01   6.75080271256000e-01  -1.63098022419000e-01   2.06134508043647e-02
-5.67700328547000e-01   8.22936346681000e-01  -2.21834686140000e-02   1.45832873508083e-02
 4.53132552530000e-01  -6.11192145199000e-01  -6.48933780508000e-01   1.75789457611450e-02
-7.23530282841000e-01   4.39630843646000e-01   5.32192306528000e-01   1.95791106368777e-02
 4.65621954452000e-01   4.11629604599000e-01   7.83426616952000e-01   2.36873594849115e-02
 2.87898804563000e-01   9.20388413416000e-01  -2.64574085619000e-01   1.67979032040087e-02
-1.45560513341000e-01  -8.29803123184000e-01   5.38738260857000e-01   1.68847803991384e-02
-9.56032826343000e-01   2.89852310907000e-01  -4.45743515520000e-02   2.01820173276677e-02
-1.49729223600000e-02   9.93525921891000e-01   1.12614626609000e-01   1.92807964561759e-02
 6.11668913890000e-02  -7.61878864097000e-01   6.44824943563000e-01   1.97796586112012e-02
-7.99129437685000e-01  -5.87444485067000e-01   1.27675834794000e-01   2.16033139005487e-02
 4.37805145170000e-01   2.03030232720000e-02  -8.98840609957000e-01   1.50850781543756e-02
-1.57219750118000e-01  -3.24882577960000e-02   9.87029109641000e-01   1.83586894773821e-02
-5.91085640802000e-01   4.02597657686000e-01  -6.98951279606000e-01   1.73040966682647e-02
-8.26740847564000e-01  -2.95435303861000e-01   4.78766699137000e-01   1.82829112060341e-02
-2.93096054349000e-01  -5.78590574710000e-01  -7.61135763043000e-01   1.87896827926953e-02
-9.91522119502000e-01  -9.82514443400000e-02  -8.50325832990000e-02   2.07526045090654e-02
-1.91338818446000e-01   9.80700788260000e-01  -4.01922935540000e-02   1.53789606081575e-02
-1.73092801451000e-01   7.34853668796000e-01  -6.55765939603000e-01   1.71447844087587e-02
 2.53394174391000e-01   8.89995397757000e-01   3.79077280190000e-01   1.69524172034660e-02
-9.63096158287000e-01  -2.13724633858000e-01  -1.63607978946000e-01   1.53778051296917e-02
 9.82546083640000e-02  -9.43365833950000e-02   9.90679888243000e-01   1.74028952371293e-02
 2.78174970176000e-01   9.63622546590000e-02   9.55684572359000e-01   1.72278426892804e-02
-7.71196246854000e-01   5.62889218806000e-01   2.97341682566000e-01   1.71792055273755e-02
 7.38561681217000e-01  -2.04429002664000e-01   6.42444881610000e-01   1.66428493804664e-02
 5.72551307508000e-01   5.70183309528000e-01   5.89131558997000e-01   2.22040357626558e-02
-8.09132241934000e-01   4.47620078450000e-01  -3.80711544914000e-01   2.07127153436243e-02
 7.42627740700000e-01   2.33666000057000e-01   6.27617908572000e-01   1.64797997206492e-02
 4.01641518715000e-01  -7.64627098417000e-01   5.04013383563000e-01   1.65089018126242e-02
-5.85999997962000e-01  -6.44447316212000e-01   4.91214473540000e-01   1.87058031742690e-02
-5.16600247161000e-01  -4.68632179984000e-01  -7.16594770087000e-01   2.07525679227115e-02
-8.50602850153000e-01   2.18421768110000e-01  -4.78295643433000e-01   2.01412903601967e-02
 1.10324026561000e-01   2.42628480134000e-01  -9.63825725840000e-01   1.97190322362869e-02
 1.86081287690000e-02   5.18935878140000e-01   8.54610608361000e-01   1.79260220887430e-02
-1.16431749115000e-01  -4.51103642622000e-01  -8.84844139615000e-01   1.74277766893300e-02
 4.84879377903000e-01   4.97330634740000e-02   8.73165855540000e-01   1.59556464170635e-02
-3.51313867678000e-01   4.21943681215000e-01  -8.35788308281000e-01   1.89588225229900e-02
-8.50407894288000e-01   4.47683123249000e-01   2.76380597166000e-01   2.33000941923798e-02
-4.45789229489000e-01   8.94793937423000e-01   2.48147621990000e-02   1.93614980918883e-02
 7.79753601905000e-01   6.25195702427000e-01  -3.33864341220000e-02   1.90059469539908e-02
-4.41849023882000e-01   2.03311206316000e-01   8.73747099269000e-01   2.08049221430133e-02
-3.54930340272000e-01  -8.44679515238000e-01  -4.00675642000000e-01   1.76776630552157e-02
 8.96386894149000e-01   2.23544446519000e-01   3.82777241261000e-01   1.34183429234315e-02
 2.53019679742000e-01   5.50296538298000e-01  -7.95710224642000e-01   1.95063523218787e-02
 6.69648673997000e-01   6.17114315264000e-01  -4.13207666084000e-01   1.87083607383250e-02
 1.69336190228000e-01   4.71871891218000e-01  -8.65252664230000e-01   1.90838313839654e-02
-7.23105412973000e-01   6.65960518992000e-01   1.83344345078000e-01   2.41832505062029e-02
 9.86661375850000e-01   1.57722623521000e-01  -4.02852756630000e-02   1.73034667539689e-02
-2.86650111402000e-01  -9.12775315045000e-01  -2.90986147228000e-01   2.03447589046593e-02
-7.25179230858000e-01  -1.72826622819000e-01   6.66517847906000e-01   1.75387373960750e-02
-5.91792738260000e-02   2.80615740091000e-01   9.57994060505000e-01   1.93426357491722e-02
-6.65295846643000e-01  -6.45069907251000e-01   3.75854029110000e-01   1.98354911331600e-02
 4.04588983788000e-01   2.65654638524000e-01  -8.75063064715000e-01   1.60300328629425e-02
 3.49422698788000e-01  -8.14123403467000e-01  -4.63796142178000e-01   2.03913997419843e-02
 8.25601696320000e-01   2.56403358344000e-01  -5.02632228237000e-01   2.07708072618424e-02
-3.94774870725000e-01   9.05806399117000e-01   1.53842675364000e-01   1.47377339059663e-02
 2.36702497156000e-01  -4.24543576276000e-01   8.73919149397000e-01   2.10154454565014e-02
-1.37657461671000e-01  -9.42949578057000e-01  -3.03144382248000e-01   1.92535056657666e-02
 1.95071128169000e-01   3.45838154619000e-01   9.17792583193000e-01   1.64026443808609e-02
-4.38851124100000e-03  -8.42338301968000e-01   5.38931281341000e-01   1.79606943147015e-02
 6.04704519308000e-01  -7.78673089121000e-01  -1.67333991187000e-01   1.82825535046678e-02
 4.46347367017000e-01   8.00322456000000e-01  -4.00322363076000e-01   1.69200768425263e-02
-2.13668465247000e-01  -9.60674045203000e-01  -1.77344765446000e-01   1.67001707182927e-02
 6.54689646920000e-02   8.72154926220000e-01  -4.84829453862000e-01   2.22608255879927e-02
-1.91788947766000e-01   8.16530910299000e-01  -5.44512875919000e-01   2.08412248317856e-02
 6.17793721223000e-01   7.70565255138000e-01  -1.56716641081000e-01   1.83922317433709e-02
 3.61888181112000e-01  -8.75113594670000e-02  -9.28104900502000e-01   2.08714576870841e-02
-6.23084932428000e-01   4.39978877061000e-01   6.46671287999000e-01   2.12707424328985e-02
-9.96109543605000e-01  -6.50400123660000e-02   5.94606923200000e-02   1.42006768514691e-02
-2.69265612090000e-01  -8.85312218050000e-02  -9.58988140131000e-01   1.83122053761265e-02
-9.06531774600000e-01   4.22117440736000e-01   4.12405950200000e-03   1.35084585553632e-02
-1.46472135300000e-01   9.85661469482000e-01   8.37698105500000e-02   1.77712721145324e-02
 3.38059187834000e-01   9.05618949596000e-01   2.56066990558000e-01   1.73921743301674e-02
-4.86508610337000e-01   7.35441792540000e-01   4.71629878034000e-01   1.64146152631986e-02
-2.38194868957000e-01   4.39843214448000e-01   8.65910590712000e-01   1.91745734141840e-02
-7.42066151974000e-01   5.61630067143000e-01  -3.65936461391000e-01   1.68223198474893e-02
-9.42588910708000e-01  -1.58370513462000e-01   2.94015179670000e-01   1.53992091962337e-02
 4.63909805446000e-01   8.85794976505000e-01  -1.24479720770000e-02   1.75162017488097e-02
-6.16881133441000e-01  -4.87679288646000e-01  -6.17759320957000e-01   1.82790543578795e-02
-2.06910933499000e-01   4.29366491280000e-02  -9.77417162608000e-01   1.73499681950538e-02
 3.13807591068000e-01  -9.36337076134000e-01   1.57472777476000e-01   1.90918626042062e-02
 6.39965848520000e-01  -7.67979982312000e-01  -2.55041074360000e-02   1.73396072033372e-02
 3.37968880063000e-01   9.41140017605000e-01  -5.70117276900000e-03   1.70037300191907e-02
-7.51645835286000e-01  -5.35703204443000e-01   3.84773459384000e-01   1.96160602545876e-02
 5.65380867873000e-01  -5.69892938740000e-02   8.22858854620000e-01   2.14768571763879e-02
-1.14808442175000e-01   5.26188725627000e-01  -8.42582011812000e-01   1.88647748086151e-02
 1.31881459294000e-01  -5.23127389567000e-01  -8.41988726159000e-01   1.81294820218462e-02
-5.78627302469000e-01   7.98536088834000e-01  -1.65923354798000e-01   1.87573230664068e-02
-5.74057940722000e-01  -4.86004532040000e-02   8.17371076465000e-01   1.77435941866155e-02
-3.89347933358000e-01  -4.59188202792000e-01  -7.98470025240000e-01   1.83056430947134e-02
-7.57083503275000e-01  -4.21491290518000e-01   4.99168970476000e-01   1.94180593855285e-02
-8.27013306605000e-01  -4.15506452797000e-01   3.78686385261000e-01   1.84013694542359e-02
-6.03799131754000e-01  -7.90674325618000e-01   1.01295208680000e-01   1.70453487462391e-02
 3.26337904616000e-01  -8.54925938425000e-01   4.03243365499000e-01   1.84481874426079e-02
-1.28833634445000e-01   8.86971105738000e-01   4.43490870506000e-01   1.97102068914450e-02
 5.44021862855000e-01  -2.01472994895000e-01   8.14523692144000e-01   1.42708615602200e-02
 4.00705709860000e-02  -7.39304189560000e-01  -6.72178298252000e-01   1.75520576994702e-02
-5.21559668886000e-01   1.59643630193000e-01  -8.38146421057000e-01   1.91661293101513e-02
 6.86628884871000e-01   7.26516752922000e-01  -2.67241872430000e-02   1.55216003073211e-02
 5.33785898243000e-01  -6.55933807128000e-01  -5.33688537916000e-01   1.96694863226064e-02
-7.95220531584000e-01  -1.20388390870000e-02  -6.06200769136000e-01   1.50938002885358e-02
-4.22887748542000e-01  -9.05284389602000e-01  -4.03252535720000e-02   1.67085604788286e-02
 6.58227325897000e-01  -1.48280487788000e-01   7.38071598413000e-01   2.11572006051801e-02
-7.78970593945000e-01  -2.54996081102000e-01  -5.72871549645000e-01   1.48316896819270e-02
 2.00584715129000e-01   7.72221675213000e-01   6.02859400182000e-01   1.88629043700226e-02
 1.95515344933000e-01   1.31876238964000e-01  -9.71793397535000e-01   1.70730181492543e-02
 4.26275638010000e-02   9.32255796507000e-01  -3.59279864010000e-01   1.58818616393356e-02
 4.60126969570000e-01   6.58144801705000e-01   5.95926666514000e-01   1.35878937872202e-02
-4.03847905843000e-01   5.59950312515000e-01   7.23437983839000e-01   2.03007982107594e-02
-7.62583911386000e-01   6.04698984817000e-01  -2.29793202372000e-01   2.15187230837010e-02
-6.05754629606000e-01  -3.62257905175000e-01  -7.08399985072000e-01   1.57272530359105e-02
-7.33884838997000e-01  -6.30478903504000e-01   2.52803076180000e-01   1.68180922177385e-02
-6.83138466318000e-01  -2.48957450377000e-01  -6.86543533753000e-01   1.84830918174952e-02
 4.70220106658000e-01  -6.58067031655000e-01   5.88082335344000e-01   1.90770348123879e-02
 1.85938606634000e-01  -5.46897876034000e-01   8.16290112492000e-01   1.48902370488568e-02
 2.86223498720000e-02   1.52020972236000e-01   9.87962744788000e-01   1.96926737913081e-02
 1.50962229714000e-01   9.55531843700000e-01  -2.53316602050000e-01   2.04804596895683e-02
-5.61267460420000e-02  -6.58612524422000e-01  -7.50386121309000e-01   1.80802201793407e-02
 1.04349002706000e-01  -1.66902269413000e-01  -9.80436085678000e-01   1.90899365893414e-02
 5.57182668985000e-01   7.41771653200000e-03  -8.30356821411000e-01   2.12866574935100e-02
 8.32031348820000e-01   5.46666937252000e-01   9.42289461700000e-02   1.39777731652683e-02
-1.92272877861000e-01   9.27320004319000e-01   3.21105512300000e-01   1.69428882076407e-02
-2.01936130376000e-01  -6.66207166317000e-01  -7.17906547398000e-01   1.75654469241582e-02
 6.27888756406000e-01  -2.83959896681000e-01   7.24653356203000e-01   1.91916410243272e-02
 4.56027592028000e-01   3.77275634058000e-01  -8.06040899244000e-01   1.97549324650912e-02
-4.53877325537000e-01  -8.25416940047000e-01   3.35681766629000e-01   2.00854802644987e-02
 4.12210157123000e-01  -9.04945354475000e-01  -1.05625242144000e-01   1.54077191073739e-02
-3.21753964203000e-01  -8.91300277027000e-01   3.19465495305000e-01   2.01699677601809e-02
 8.03448117103000e-01   1.09051507084000e-01   5.85302393576000e-01   1.52093534250054e-02
 3.17534031297000e-01   8.63845903763000e-01  -3.91078500459000e-01   2.03518252413188e-02
-8.42279090021000e-01  -5.39040252983000e-01  -1.24103877400000e-03   1.53620718021748e-02
-4.40363211063000e-01   2.94768038949000e-01  -8.48051912065000e-01   1.83975604873626e-02
-3.10650537419000e-01   2.99124535978000e-01  -9.02230987928000e-01   1.85220211486761e-02
 1.88033433237000e-01   3.48777469806000e-01  -9.18149064445000e-01   1.59210028915738e-02
-6.17601716813000e-01  -5.94556980930000e-01  -5.14849605047000e-01   2.09894565096348e-02
 5.87811881559000e-01   7.71432174069000e-01   2.43658762842000e-01   2.34508669162430e-02
-5.41106870150000e-02   8.14864352346000e-01  -5.77120542717000e-01   1.85633759402498e-02
-1.12263618320000e-02  -5.50628523716000e-01  -8.34674905380000e-01   1.80869665235127e-02
 1.17367466464000e-01  -9.46903145235000e-01   2.99331440648000e-01   1.96567229093067e-02
-7.92994595729000e-01  -3.70681834074000e-01  -4.83481694619000e-01   1.85908811478212e-02
 9.40414554618000e-01   2.25311227951000e-01  -2.54667068977000e-01   1.71589166877803e-02
-1.15556687301000e-01  -9.75702509019000e-01   1.86148505001000e-01   1.99811848712479e-02
-9.10601483866000e-01  -1.22216033121000e-01  -3.94801442283000e-01   1.47331078367775e-02
-4.50317157279000e-01  -4.10792975808000e-01   7.92756954487000e-01   2.00395510881998e-02
-2.85713724283000e-01   6.42829545408000e-01  -7.10730499773000e-01   1.97457629035572e-02
-2.67216689865000e-01   5.48311607990000e-01   7.92432723454000e-01   1.56171714940089e-02
-8.60992369625000e-01   3.22820033736000e-01  -3.93038630755000e-01   1.46601644016351e-02
 4.90571493247000e-01   1.45269094139000e-01  -8.59206901917000e-01   1.94319276682948e-02
-5.34714025073000e-01   6.23564964713000e-01  -5.70304871251000e-01   1.76193794180423e-02
 7.50577345973000e-01   4.75283923576000e-01   4.59063001887000e-01   2.28286166021315e-02
-9.44118639328000e-01   1.77698180400000e-03  -3.29601027318000e-01   2.03906629671008e-02
 7.17405837070000e-01   1.37038448521000e-01  -6.83044162968000e-01   2.09204679282327e-02
-9.35226178538000e-01  -2.78015163667000e-01   2.19224915892000e-01   2.01997274110855e-02
 2.82081165634000e-01  -8.91862232145000e-01  -3.53570325208000e-01   1.80284389356242e-02
-6.20743222986000e-01   5.09302893182000e-01  -5.96060746999000e-01   1.84296156219608e-02
 7.36937055611000e-01  -6.75671383387000e-01   1.97979225910000e-02   2.05912034863677e-02
-3.86233470957000e-01  -7.22202989861000e-01   5.73800093541000e-01   1.72315831938819e-02
 5.73438569727000e-01   4.46530761755000e-01   6.86861329204000e-01   1.40007816681088e-02
 2.31150456247000e-01  -6.02446578968000e-01  -7.63955225171000e-01   1.78416195454361e-02
 8.19394016550000e-01  -5.33023667674000e-01   2.10900960978000e-01   2.09261097501867e-02
 6.70351886003000e-01  -1.33309587700000e-02   7.41923604201000e-01   1.38653514777824e-02
-5.61838527290000e-02  -4.69242118507000e-01   8.81280437155000e-01   1.63655712826399e-02
 8.28116384363000e-01   2.33925618695000e-01   5.09413445904000e-01   2.34654814520104e-02
 3.21535233992000e-01  -6.67723739824000e-01  -6.71386699732000e-01   1.97969289255195e-02
-6.19557055313000e-01  -1.73888261472000e-01   7.65448840703000e-01   1.92630014891044e-02
 8.80538617286000e-01   4.41665582422000e-01  -1.71997839442000e-01   2.01618554777082e-02
 8.81400163155000e-01  -4.71216927165000e-01  -3.29903007530000e-02   2.23181807207240e-02
 4.67165301900000e-03  -9.45539362608000e-01  -3.25474253079000e-01   1.66770591320470e-02
-3.88638586730000e-02   7.33222094264000e-01   6.78877721665000e-01   1.70043249322534e-02
-5.14758323720000e-02  -9.96901214408000e-01   5.94828327570000e-02   1.90764854049249e-02
-7.47482476331000e-01  -2.98001136766000e-01   5.93687855750000e-01   1.87771566419852e-02
 1.99123757361000e-01   9.45522532593000e-01   2.57559448699000e-01   2.04828813719880e-02
-9.12868177318000e-01  -3.44115848513000e-01  -2.19672423490000e-01   2.30354316495577e-02
-2.66540435826000e-01  -2.80216088388000e-01   9.22190403267000e-01   2.01203923393887e-02
 8.42003439430000e-01  -1.11735401730000e-02   5.39356431303000e-01   1.86524289625229e-02
-6.76604051633000e-01   7.07973852820000e-01  -2.02435127973000e-01   1.58672459205973e-02
-9.07974524846000e-01   3.97545785925000e-01  -1.32437193885000e-01   2.20603801244382e-02
-7.39061271794000e-01   1.26202814048000e-01  -6.61710878149000e-01   2.02369459133842e-02
 5.44959527350000e-01  -2.27730466318000e-01  -8.06943584311000e-01   1.77847605943037e-02
 1.60215618399000e-01   8.56655724007000e-01   4.90379369619000e-01   2.18092157266792e-02
-4.54380641126000e-01   7.93297920535000e-01  -4.05236526296000e-01   1.82715310956838e-02
-6.43983826892000e-01  -1.17531792806000e-01  -7.55957081044000e-01   1.53400466744083e-02
-9.59466670910000e-02   9.66711209690000e-02   9.90681044254000e-01   1.75995226755921e-02
 4.09894455578000e-01  -4.24914737369000e-01  -8.07114614695000e-01   1.84532584813256e-02
 3.01549267109000e-01   2.55680138049000e-01   9.18529099437000e-01   2.07587403554072e-02
 3.20641103690000e-02  -9.83296186946000e-01   1.79166128397000e-01   1.71114973864356e-02
-7.61155919704000e-01  -5.89396259424000e-01  -2.70654235653000e-01   1.50297280317537e-02
 6.13384737992000e-01  -1.11524380956000e-01  -7.81870498005000e-01   1.76367038499711e-02
 2.37675889034000e-01   6.63128301588000e-01  -7.09768291349000e-01   1.74806418602112e-02
 9.35048124480000e-01   3.12851331575000e-01   1.66760454657000e-01   1.39764258943767e-02
-7.98564998952000e-01   3.26592594820000e-01   5.05599861015000e-01   2.13649592398680e-02
-6.97604504863000e-01  -5.96753886598000e-01  -3.96525854927000e-01   1.87385800823515e-02
-4.71418361425000e-01   8.40497424988000e-01  -2.67074534727000e-01   1.57596707465091e-02
 8.87217072095000e-01  -4.47136182047000e-01   1.13644628946000e-01   1.68498345501587e-02
-5.51283421681000e-01  -7.83695884938000e-01  -2.86194599725000e-01   1.74576449942048e-02
-2.10092913524000e-01  -4.93005885187000e-01   8.44278487738000e-01   2.12028441162407e-02
-8.14868653178000e-01  -5.18412843591000e-01   2.59301372283000e-01   1.76828858971994e-02
 8.07042323501000e-01   1.28746795376000e-01  -5.76287212038000e-01   1.74983599202685e-02
-3.78467045449000e-01   4.48774423266000e-01   8.09545682795000e-01   2.02672390642129e-02
-6.53264368109000e-01   7.52885056371000e-01   8.00609595960000e-02   1.93797595084609e-02
 6.29992348356000e-01   6.86339016137000e-01   3.63384639111000e-01   2.06148756544188e-02
-3.45881670937000e-01  -9.34979387339000e-01   7.86092549350000e-02   1.95258479324853e-02
 8.92104589673000e-01   3.39261054817000e-01   2.98414707695000e-01   2.31067571624786e-02
-7.46717628829000e-01  -1.31391975130000e-01  -6.52034455889000e-01   2.21648060240166e-02
 4.30275568575000e-01   7.57640357842000e-01   4.90758620155000e-01   2.00780995207007e-02
-4.81799825961000e-01  -8.71775857005000e-01   8.87456074760000e-02   2.06568138456683e-02
-6.44042673717000e-01   5.99058449538000e-01  -4.75749943214000e-01   2.08695202394704e-02
-1.72473308776000e-01   2.94213843000000e-01  -9.40048494678000e-01   1.85349817129016e-02
-6.79267330402000e-01   2.05560374995000e-01   7.04514603171000e-01   2.03090933395168e-02
-9.32186797282000e-01  -3.63461267010000e-02   3.60148211223000e-01   2.01406666538740e-02
-5.08173295872000e-01   5.26830248242000e-01  -6.81329429057000e-01   2.02490003902632e-02
 3.25790062228000e-01  -1.52490891766000e-01   9.33063429399000e-01   1.57789316411385e-02
-4.76125361814000e-01   4.15774295201000e-01  -7.74878297082000e-01   1.83031407253904e-02
-1.54076464186000e-01  -5.65347486901000e-01  -8.10334907454000e-01   1.94183947258353e-02
 8.53354881725000e-01  -8.62646676400000e-03  -5.21259081368000e-01   2.05218143077649e-02
-3.13460943811000e-01  -3.98353793925000e-01   8.62007245660000e-01   1.66882902946635e-02
-5.13259323587000e-01  -5.93430848605000e-01  -6.20003786017000e-01   1.74438573969168e-02
 4.81483866609000e-01   5.02686851297000e-01  -7.17968812504000e-01   1.96525968781282e-02
-5.51864175877000e-01  -8.33329954469000e-01  -3.17351282920000e-02   1.75970123031435e-02
-8.66510356780000e-01   3.29245111127000e-01   3.75176569620000e-01   2.04458143353128e-02
-7.05092969188000e-01  -3.73867002673000e-01  -6.02550719121000e-01   2.23967931603136e-02
-9.82717151587000e-01   1.52383882255000e-01  -1.05100677475000e-01   2.16854760324701e-02
 2.73114849036000e-01   2.43205985038000e-01  -9.30730427180000e-01   1.87153858178589e-02
-3.96378545853000e-01   1.69029228737000e-01  -9.02393023145000e-01   1.86553379563459e-02
-4.28116713630000e-01  -8.58235389182000e-01  -2.83104391111000e-01   1.69372767611808e-02
 5.51160103179000e-01   6.79582481119000e-01   4.84138608272000e-01   2.14381542351965e-02
-9.62922501704000e-01  -1.06443364219000e-01  -2.47891238097000e-01   2.15215453116057e-02
-2.47520544284000e-01   7.77431216020000e-02   9.65758555334000e-01   1.90743412438191e-02
-6.75290558889000e-01   6.67418957953000e-01   3.13902207129000e-01   1.68808612168650e-02
 3.75947972918000e-01  -3.86536469904000e-01   8.42171407193000e-01   1.42438657213009e-02
 4.21297760228000e-01  -8.39981492795000e-01  -3.41963870883000e-01   1.76159265391947e-02
 9.42077167917000e-01  -1.33760414572000e-01  -3.07569116109000e-01   2.13804339768098e-02
-2.44899292533000e-01   9.51086590266000e-01   1.88304631734000e-01   1.68170259921476e-02
-4.86412960800000e-03  -8.27010415110000e-01  -5.62165557058000e-01   1.74511257836693e-02
-7.41112449887000e-01   8.17781471380000e-02   6.66381775917000e-01   1.48037408517289e-02
 1.33498314231000e-01  -6.60367019996000e-01   7.38981460525000e-01   2.08002813286537e-02
 8.07449917269000e-01   5.65434237778000e-01  -1.68252054524000e-01   1.66627950867157e-02
 1.00400994053000e-01   9.87540660305000e-01  -1.21173778670000e-01   1.84698819630220e-02
-7.21276098977000e-01   4.83719153870000e-01  -4.95758579577000e-01   1.72094343168018e-02
 3.99242570999000e-01  -8.75778895893000e-01   2.71323966892000e-01   1.89655680201893e-02
-1.01390861643000e-01  -5.77950205688000e-01   8.09749006125000e-01   1.81765696719287e-02
-5.66172233897000e-01   2.04029322090000e-01   7.98636987180000e-01   1.59854431395295e-02
-4.46791154257000e-01  -4.96140373300000e-02   8.93261502460000e-01   1.96831029502277e-02
 5.85212072816000e-01  -4.17046445050000e-01   6.95412893540000e-01   1.53582728060411e-02
 1.20032440874000e-01   5.99885586524000e-01   7.91030654411000e-01   1.82390554432774e-02
-4.20829553725000e-01   6.65592357826000e-01   6.16351604131000e-01   1.76623636318678e-02
 6.58535562010000e-02   9.97800604236000e-01   7.56725326700000e-03   1.45657061894290e-02
 6.57861237725000e-01   5.84148081486000e-01   4.75383645906000e-01   1.34559714674675e-02
-3.69395099695000e-01  -8.16583991637000e-01   4.43551400543000e-01   1.61071846116943e-02
 5.67684100215000e-01  -7.52257727642000e-01   3.34429474727000e-01   1.49049361626056e-02
 8.96697108633000e-01   3.51401759640000e-01  -2.69167417588000e-01   1.88225408221760e-02
-2.50519597099000e-01  -7.17458258196000e-01   6.49995060917000e-01   1.78080265927729e-02
 2.05138316758000e-01   9.78732878154000e-01   4.73517149000000e-04   2.10077146573284e-02
-4.03284458786000e-01  -9.36848510190000e-02  -9.10266331351000e-01   1.85417149027602e-02
 1.81820477481000e-01   1.91143580641000e-01   9.64575266917000e-01   1.85264559654723e-02
-6.36229380032000e-01   1.45027080261000e-01  -7.57746212115000e-01   1.66270707147403e-02
 5.74010133286000e-01  -5.39804033383000e-01  -6.15730438121000e-01   1.83614295457053e-02
-2.73026684219000e-01  -7.94407979832000e-01   5.42560956283000e-01   2.03312752256808e-02
-4.87483260358000e-01  -3.50640043928000e-01  -7.99632184486000e-01   1.84750465935141e-02
-8.29037494940000e-01   1.05966916202000e-01  -5.49060875180000e-01   1.92242374980941e-02
-4.83578821701000e-01  -7.37557031272000e-01   4.71339738218000e-01   2.11756917186698e-02
-8.62010975250000e-01  -3.61782350939000e-01  -3.55036067318000e-01   1.46277768691290e-02
-7.08656021072000e-01  -6.95988001792000e-01   1.15790090938000e-01   1.75886778906899e-02
 8.86615379439000e-01  -3.75000317311000e-01  -2.70717437486000e-01   2.15939774418704e-02
 7.74842453870000e-02   2.77340838722000e-01   9.57642026487000e-01   1.70759267693736e-02
-5.39157211916000e-01  -2.96767861372000e-01   7.88186740117000e-01   1.75377152232084e-02
 3.10759399741000e-01   3.83271804103000e-01  -8.69788088934000e-01   2.17939289659818e-02
 8.17774899883000e-01   4.68139114037000e-01   3.34798421486000e-01   1.36028212912714e-02
-6.13451555946000e-01   6.58052455774000e-01   4.36628164412000e-01   1.58282515011784e-02
-1.42405060624000e-01  -8.29487621164000e-01  -5.40065815475000e-01   1.76413124966301e-02
 7.30539573483000e-01   5.84335068901000e-01   3.53361654439000e-01   2.07638013273790e-02
 1.67409063787000e-01   4.73087059787000e-01   8.64964068169000e-01   1.79098323215767e-02
 7.58319825526000e-01  -3.67380589840000e-01  -5.38500273373000e-01   1.84040707946814e-02
 9.04293715608000e-01   4.20224866157000e-01   7.52591374780000e-02   2.22219704503762e-02
 5.06625831135000e-01  -3.38966135743000e-01   7.92737173373000e-01   2.16098967203463e-02
-1.54847545979000e-01   6.42440010417000e-01   7.50528527452000e-01   1.90748541310616e-02
 5.72299500889000e-01   3.89757085384000e-01  -7.21500308853000e-01   1.68233859775341e-02
 9.65956130520000e-02   7.09205006813000e-01   6.98353453382000e-01   2.16072825843564e-02
 6.43454652522000e-01   2.11937906947000e-01   7.35559945719000e-01   1.60525600599529e-02
 8.82904231910000e-02  -6.37503314691000e-01  -7.65372017342000e-01   1.99164158976067e-02
-6.43058588240000e-02   4.47163047620000e-02  -9.96927885360000e-01   1.85631723601951e-02
 7.13252725333000e-01  -6.89555488273000e-01  -1.25633508256000e-01   1.90874311746243e-02
-3.85566645033000e-01   7.65438438920000e-02   9.19499538989000e-01   1.78217056264567e-02
-4.24341839700000e-01   8.26172234967000e-01   3.70639233284000e-01   1.38967127059700e-02
 9.38103486983000e-01   7.99865383750000e-02   3.36992583582000e-01   2.17150416189345e-02
-5.17287286990000e-02   9.96993583333000e-01  -5.76882433400000e-02   2.37437049727278e-02
 3.56898463739000e-01   1.34112003449000e-01  -9.24466038918000e-01   2.11132903248657e-02
 5.86125042437000e-01   5.12337816227000e-01  -6.27668221827000e-01   1.81787478232428e-02
 3.69085789801000e-01   5.00729093151000e-01   7.82972576173000e-01   1.23782479819380e-02
 3.39438834713000e-01   7.91062600572000e-01  -5.08921643739000e-01   1.91114141098834e-02
-3.56557116212000e-01  -3.42672277211000e-01  -8.69162086903000e-01   1.87045410618208e-02
 4.86688516625000e-01  -8.47479261884000e-01  -2.11927318821000e-01   1.80137266719022e-02
-1.77520211280000e-02   6.31534961191000e-01   7.75144153393000e-01   1.78297581711905e-02
-1.29551407929000e-01  -8.52221420050000e-02  -9.87903648751000e-01   1.97187349929607e-02
 2.98612020909000e-01   8.16218480119000e-01   4.94588974484000e-01   1.52775568874733e-02
-8.89827851874000e-01  -2.86388582504000e-01   3.55229466460000e-01   1.72068592618233e-02
-3.47796982560000e-01   9.35164089417000e-01  -6.71221631590000e-02   1.45655550145170e-02
 5.37727194990000e-02  -9.04676646922000e-01   4.22692156482000e-01   1.77921750623520e-02
 2.07801998740000e-01  -2.62294289539000e-01  -9.42348149568000e-01   2.07962063092375e-02
-3.59967920500000e-02   7.27423836680000e-01  -6.85243601058000e-01   1.96295165591603e-02
-2.32178686579000e-01  -8.74403350938000e-01   4.26042060560000e-01   1.82432010539097e-02
-9.78160628587000e-01  -2.07845933519000e-01   1.36110303600000e-03   2.15324695476649e-02
-6.36500679139000e-01   5.44814040324000e-01   5.45934562857000e-01   1.53786651255307e-02
-4.76765218840000e-01  -7.77959835516000e-01  -4.09235165191000e-01   2.18326287419226e-02
-7.71490948510000e-02   8.20279504906000e-01   5.66735874103000e-01   2.11067641519392e-02
-3.38886333371000e-01   8.97731530993000e-01   2.81485614756000e-01   2.28139953233508e-02
 9.94549346602000e-01  -1.03334639196000e-01  -1.39122074140000e-02   1.48978548603632e-02
 5.58240683004000e-01   3.15380695542000e-01   7.67399737241000e-01   1.66080693008659e-02
-2.67838862940000e-02   2.66574466950000e-01  -9.63442098419000e-01   1.85238244209269e-02
 3.57766532508000e-01   6.20548914604000e-01   6.97798074518000e-01   2.12619009205658e-02
 7.52298030418000e-01  -4.86230874304000e-01  -4.44552820599000e-01   1.99140415864827e-02
-9.20962063760000e-01   2.06404015867000e-01   3.30493962650000e-01   2.17500914114314e-02
 2.34593348173000e-01  -4.77301562050000e-02   9.70921105539000e-01   1.93343956542875e-02
 9.58682769520000e-01   2.83296395321000e-01   2.58940113400000e-02   1.94350174751043e-02
-1.23493211202000e-01   5.33171600318000e-01   8.36945321632000e-01   2.07584653161976e-02
 3.65390319261000e-01   4.81207391589000e-01  -7.96824548361000e-01   1.51172127232612e-02
-1.49515100470000e-02   6.24496649344000e-01  -7.80884362313000e-01   1.82264296249886e-02
-5.28967664999000e-01  -1.03928811618000e-01  -8.42254125250000e-01   1.94537059874469e-02
 1.69090134914000e-01  -3.98170414208000e-01  -9.01592395445000e-01   1.84949464701710e-02
 6.68838953254000e-01   4.68004062322000e-01   5.77604234975000e-01   1.87172129174378e-02
-3.08078248955000e-01  -4.80454531610000e-02   9.50147055435000e-01   1.87141440343626e-02
 4.06397288513000e-01  -7.20196385054000e-01  -5.62279655372000e-01   1.84263673744536e-02
-1.12271070981000e-01  -2.57388861283000e-01   9.59763606680000e-01   1.73488591631174e-02
 3.49665928792000e-01  -9.07598243218000e-01  -2.32377208755000e-01   2.04162877876203e-02
 2.27741712424000e-01  -1.14317542047000e-01  -9.66987700027000e-01   1.67571746074844e-02
 1.09886320857000e-01   9.22561817565000e-01   3.69871179277000e-01   1.86920088529481e-02
-4.98219658469000e-01  -1.73806900752000e-01   8.49451783897000e-01   1.89240865686389e-02
 6.48360227504000e-01   7.04281749273000e-01  -2.89164716091000e-01   1.68757358586938e-02
 5.39027634408000e-01   7.93583919374000e-01  -2.82265428729000e-01   2.06798445648621e-02
-9.04269427111000e-01   8.64535518010000e-02   4.18117909894000e-01   2.10582007124932e-02
-8.79411636656000e-01  -9.90748105600000e-03  -4.75959047748000e-01   2.18358212998790e-02
 3.78694679423000e-01   9.14686608938000e-01  -1.41204628845000e-01   2.14766120609676e-02
-9.89621508256000e-01   6.67042345530000e-02   1.27278495785000e-01   2.12590198818287e-02
 4.09550135811000e-01   9.03767554792000e-01   1.24390084659000e-01   2.23142638831621e-02
 7.45550469400000e-01   6.58484388497000e-01   1.02726859601000e-01   2.22941847899688e-02
-4.94178257262000e-01  -8.54485981491000e-01  -1.60129814478000e-01   2.08225319161585e-02
-1.73433193520000e-01   7.40245732463000e-01   6.49582314227000e-01   1.91474875162223e-02
-7.85482430866000e-01  -4.84166311884000e-01  -3.85487137578000e-01   2.21952362527597e-02
-7.46101359000000e-03  -3.51932585211000e-01   9.35995613634000e-01   2.07401584055658e-02
 9.21754421171000e-01  -3.65683053773000e-01  -1.29014306318000e-01   1.65951708553584e-02
 4.47417908890000e-02   1.22339982423000e-01  -9.91479248824000e-01   1.87732296231130e-02
 9.69520002778000e-01  -8.20634191500000e-03  -2.44874702991000e-01   1.73304981461891e-02
-2.63401413163000e-01  -9.44613127234000e-01   1.95769597744000e-01   1.93995884304309e-02
 7.39491509314000e-01  -2.61818794443000e-01  -6.20163870706000e-01   1.79298552844278e-02
 2.77587681596000e-01   9.51882425274000e-01   1.29865035638000e-01   1.64290687172798e-02
 7.44321256605000e-01   5.99720544037000e-01  -2.93804588163000e-01   1.95409336551686e-02
 6.99713337338000e-01  -3.49499056943000e-01   6.23098431026000e-01   2.01037023388710e-02
-5.66957551311000e-01  -4.20281105619000e-01   7.08465191291000e-01   1.80647788148525e-02
-8.87776082234000e-01  -1.63529942505000e-01   4.30245959560000e-01   2.15043473049538e-02
 4.54712615879000e-01  -8.08126024234000e-01   3.74391193696000e-01   1.96009298870238e-02
-2.51742372929000e-01  -6.01082678698000e-01   7.58502070558000e-01   1.60186781541882e-02
 4.86539757350000e-02   4.01638973053000e-01   9.14504743547000e-01   2.07650549889555e-02
 9.98105632206000e-01   4.29145544750000e-02   4.40850084910000e-02   1.71763238894660e-02
 1.34374634362000e-01  -8.32430139359000e-01   5.37590476782000e-01   1.90370020716507e-02
 6.45093807591000e-01  -6.52307531032000e-01   3.97930728100000e-01   1.96694308983438e-02
-3.08074169560000e-01   7.35195556095000e-01  -6.03802782660000e-01   1.86328071267126e-02
-8.31382381781000e-01   8.46799484310000e-02   5.49210926328000e-01   2.04960219846575e-02
-9.18933146380000e-02   4.13165642935000e-01   9.06007599429000e-01   1.68196240507714e-02
 1.37499984029000e-01   9.81580627885000e-01   1.32639456242000e-01   1.93668665946571e-02
 7.89080825926000e-01   5.71302858745000e-01   2.25753169958000e-01   2.18594909258233e-02
