 0.00000000000000e+00   0.00000000000000e+00   1.00000000000000e+00   1.32831408363400e-02
 8.50911767600000e-01   0.00000000000000e+00  -5.25308636669000e-01   2.43679347381521e-02
-3.25996946243000e-01  -3.23972032040000e-01   8.88126181067000e-01   1.94220283982284e-02
 6.79111435190000e-01   7.23933212930000e-01  -1.21360462307000e-01   1.73260932607934e-02
 3.14275608110000e-02   9.59384245056000e-01   2.80346533346000e-01   6.29734880895050e-03
-2.64195165505000e-01  -9.11825254175000e-01  -3.14285889553000e-01   1.99646517834996e-02
-3.53440227222000e-01  -4.49671314626000e-01   8.20290018581000e-01   1.93624198416993e-02
-8.77282035855000e-01   4.23929395297000e-01   2.25077980642000e-01  -3.36273522884481e-02
-7.49503801095000e-01   5.98261829182000e-01  -2.83419893246000e-01   4.13222113858840e-02
-2.46880810276000e-01  -9.50997049765000e-01  -1.86157129477000e-01   1.88492021456495e-02
-3.31016583277000e-01   9.14421664460000e-01   2.32939994766000e-01   2.54550356979563e-02
-1.95896341447000e-01  -3.64476602413000e-01  -9.10374334931000e-01   1.00116379771285e-02
-6.45259398800000e-03  -9.97272944250000e-01   7.35189682880000e-02   1.16847502143058e-02
-3.20776134424000e-01   8.09023538513000e-01   4.92527751213000e-01   7.68013179058983e-03
 7.99448273354000e-01   5.23579185866000e-01  -2.94528936369000e-01   1.35801710556014e-02
-4.39808848804000e-01   8.29062501140000e-02  -8.94256523714000e-01   2.34498983408294e-02
-5.01446429430000e-02  -8.02477152193000e-01  -5.94572060386000e-01   2.12256718511569e-02
 3.61175493603000e-01  -4.75696181743000e-01  -8.02038281815000e-01   1.66810905138447e-02
 2.81562378093000e-01   8.80074349446000e-01   3.82350319328000e-01   1.06471344586828e-02
-8.71815144561000e-01   3.55075597815000e-01   3.37430990797000e-01   5.73716236854786e-02
 5.71397582208000e-01   1.09969851492000e-01   8.13272054610000e-01  -6.91012856707955e-03
 6.58892552477000e-01   5.19539455538000e-01   5.44003086783000e-01   3.02240756606452e-02
-7.10198641176000e-01  -6.68779178174000e-01   2.19891566259000e-01   5.16148550515967e-02
-3.00657990293000e-01  -7.85731028802000e-01  -5.40584427495000e-01   2.57795548460165e-02
-7.65244169652000e-01   1.01220686773000e-01   6.35732438517000e-01   4.75489933517056e-02
 1.87750777116000e-01   4.53049607963000e-01  -8.71490503917000e-01   1.62291984535990e-02
-1.48857315492000e-01  -9.04777089971000e-01  -3.99023704920000e-01   1.84179228227130e-02
 9.93704573474000e-01   1.11806380484000e-01   7.11012938700000e-03   5.58188188645116e-03
-9.73314165571000e-01   8.35897564900000e-03  -2.29324361168000e-01   2.20187335888696e-02
 9.33349042779000e-01  -3.58800549175000e-01   1.10331434960000e-02   2.21860351213082e-02
-1.17656711149000e-01  -9.93004161119000e-01   9.98169936800000e-03   1.42601045076575e-02
-7.04338436664000e-01   4.58624428286000e-01   5.41821926852000e-01   3.12654245630600e-02
 8.01012639000000e-02  -8.28923892261000e-01  -5.53596394823000e-01   2.02793959024535e-02
-9.33716031590000e-01  -3.99183129820000e-02  -3.55782097134000e-01   3.03649973092980e-02
 9.67173313000000e-02  -8.97372764556000e-01  -4.30543701916000e-01   1.87627220190452e-02
 8.86195354138000e-01   2.56910847018000e-01   3.85557532656000e-01   6.05836242697485e-03
-9.42848843593000e-01   3.30174982360000e-01  -4.49504077670000e-02   4.19039937308477e-02
 1.95680899800000e-01  -9.22272593123000e-01   3.33350040390000e-01   3.08947419337441e-02
 8.36996139153000e-01   4.03462824176000e-01   3.69669058145000e-01   1.05421975248892e-02
 8.79485176435000e-01  -4.75406177694000e-01  -2.22438899820000e-02   6.47046731351213e-03
-9.31983475908000e-01   2.97661639605000e-01   2.06892119090000e-01   4.77622263762053e-02
 8.51254581886000e-01  -2.34274885606000e-01  -4.69553953016000e-01   2.73706924854250e-02
 4.99407120368000e-01   8.63633082985000e-01   6.87780931700000e-02   1.90666237610966e-02
 2.95406007589000e-01   2.31058076563000e-01  -9.27009954604000e-01   1.82047777945482e-02
 6.27844710568000e-01  -6.20217704142000e-01  -4.70256333163000e-01   2.36196115786267e-02
-2.24914797327000e-01  -5.46927048786000e-01  -8.06401970018000e-01   1.65521201971134e-02
 4.32010038838000e-01  -8.35897186978000e-01   3.38590045847000e-01   3.05105581154344e-02
-2.84712285517000e-01  -8.95283135397000e-01   3.42647080755000e-01   3.41228874598028e-02
-9.88149013402000e-01   3.84747100270000e-02   1.48597523537000e-01  -1.08961385032003e-02
 5.64687380170000e-02  -3.08422298201000e-01  -9.49571991794000e-01   1.98873686087362e-02
-5.37181938010000e-01   4.00105742806000e-01  -7.42530107167000e-01   3.18427735899564e-03
 4.66091404313000e-01   5.87828893710000e-02   8.82781612146000e-01   4.06393703878609e-02
 7.17559765630000e-01   2.11311008094000e-01  -6.63668321232000e-01   2.46465339219980e-02
-1.15959392348000e-01  -9.83560318426000e-01  -1.38428751871000e-01   1.44275484232924e-02
-8.12809236129000e-01   1.99517457158000e-01   5.47296930334000e-01  -8.96089571514110e-03
-7.20745743520000e-02   2.30142687571000e-01   9.70484208573000e-01  -3.64078003644569e-03
 3.45577979473000e-01  -9.24739762305000e-01  -1.59474863586000e-01   1.12738462573027e-02
 7.56665829207000e-01   5.00087369433000e-01  -4.21152520880000e-01   2.07694703438805e-02
 9.12149319356000e-01  -2.91788146668000e-01   2.87825114718000e-01   3.76879609094968e-02
 7.95544621784000e-01  -3.30868565181000e-01   5.07577331375000e-01   4.10485871226444e-02
-4.52291056399000e-01   8.53882757142000e-01  -2.57520945471000e-01   3.13967557466021e-02
 7.30836042630000e-01  -6.20617749294000e-01   2.84099081403000e-01   1.28845417690260e-02
-3.23804697049000e-01   3.05080904241000e-01  -8.95587047716000e-01   2.27297741950648e-02
 5.45752137022000e-01  -7.90900232054000e-01   2.76823820999000e-01   7.37105292345524e-03
 3.08105861466000e-01  -8.64995357676000e-01   3.96047736175000e-01   9.43532023092827e-03
-9.56652973450000e-02  -6.01184377809000e-01  -7.93363406493000e-01   6.62302567984120e-03
-4.45895752245000e-01   1.77016305350000e-01   8.77406522526000e-01   2.74075172772020e-02
 8.49417012361000e-01   5.27394170106000e-01  -1.86045276830000e-02   1.28038378110192e-02
-6.31022147998000e-01   5.76025175574000e-01   5.19621059851000e-01  -2.86673125390701e-03
 6.18094324073000e-01  -5.33729300046000e-01  -5.77141612449000e-01   1.64759439524907e-02
 3.98254933615000e-01   8.14759047188000e-01   4.21379523562000e-01   1.67136039268952e-02
 6.58514547011000e-01  -5.28499361700000e-01   5.35767688516000e-01   3.28083721046667e-02
 9.24572610615000e-01  -2.98495266917000e-01  -2.36782734439000e-01   2.38982170495096e-02
 6.58163539444000e-01   5.91851457684000e-01  -4.65330643074000e-01   1.30125764521657e-02
 7.86310257382000e-01   2.32247741527000e-01   5.72518266687000e-01   4.30990751783495e-03
-6.54054703252000e-01   6.66500618796000e-01  -3.57756020631000e-01  -4.60048506951699e-03
-9.68351988606000e-01   2.41063606708000e-01   6.46742892090000e-02  -9.86956979949257e-03
-5.24336372039000e-01   6.08092555203000e-01   5.96066114843000e-01   2.92040874022727e-02
-5.47709942136000e-01   8.31687580253000e-01   9.11569423490000e-02   1.56085559910512e-02
 3.64925252633000e-01  -4.18440432100000e-03  -9.31027416756000e-01   2.22386102646275e-02
 7.98258793199000e-01   2.38479467926000e-01  -5.53091712520000e-01   2.26883679073660e-02
 5.96451221800000e-01  -6.45731878216000e-01   4.76735022280000e-01   1.62605167083821e-02
-7.86329947636000e-01  -6.10740106487000e-01   9.31758325970000e-02   2.34909198423369e-02
 4.53845851536000e-01  -8.88933992877000e-01   6.18085702080000e-02   9.68457883347901e-03
 4.88337722587000e-01   2.52140132940000e-02  -8.72290388708000e-01   8.86721774098400e-03
 6.12254726696000e-01   7.51216165951000e-01   2.46613912123000e-01   1.85047207726807e-02
-4.44700724520000e-02  -9.37739935764000e-01   3.44479644580000e-01   3.08594407793074e-02
-1.81683783056000e-01  -7.60948332010000e-01  -6.22855231161000e-01   6.58624862883394e-03
 1.85133128805000e-01   6.84854086936000e-01  -7.04769894523000e-01   5.41506302190120e-03
 6.96419210000000e-05  -1.91942274300000e-01  -9.81406214820000e-01   1.17175628176247e-02
-4.63675634805000e-01  -8.77309935259000e-01  -1.23823193238000e-01   2.89469905271007e-02
-9.65789483622000e-01  -3.50563402540000e-02   2.56946932913000e-01   2.02451993172067e-02
-7.64810697744000e-01  -2.57953508650000e-01  -5.90359707291000e-01   4.16623850699511e-03
 2.68246964429000e-01   9.55787767563000e-01   1.20471197602000e-01   2.21664662910401e-02
 5.89957102610000e-02   6.50585465540000e-01   7.57138070763000e-01   1.70682495879045e-02
-9.93096429203000e-01   1.11644136266000e-01   3.59870690860000e-02   4.32278297123116e-02
-5.60857067876000e-01   1.60473669069000e-01   8.12211518602000e-01   3.00972328411862e-02
 1.27084484384000e-01   9.89332307722000e-01  -7.12117878270000e-02   2.73503260855922e-02
-3.35894959919000e-01   8.79991582008000e-01  -3.35841318922000e-01  -7.50821380951850e-05
 7.00687354015000e-01  -4.06259855640000e-01   5.86506744735000e-01  -4.73791169406905e-04
-6.41366360103000e-01   7.50927932943000e-01   1.57341767035000e-01   6.11354744245800e-03
 9.07068659958000e-01  -3.99823054280000e-01  -1.31787599527000e-01   2.19526792820449e-02
 4.11603123485000e-01  -6.73523956461000e-01  -6.13961194874000e-01   1.87750322179669e-02
-2.14344168811000e-01   8.84694296656000e-01  -4.13971712513000e-01   1.30903124799021e-02
 6.27937966904000e-01   3.14674328964000e-01  -7.11810351435000e-01   1.89633476700810e-02
 7.51759299433000e-01  -3.43483928200000e-03   6.59428659974000e-01  -1.16036273630681e-02
-9.21955632671000e-01  -3.74486572523000e-01   9.87806579540000e-02  -9.12960899393610e-03
-3.23721288028000e-01   8.24074236310000e-01  -4.64872219785000e-01   3.94688735458488e-02
-8.61919905230000e-01  -4.97989655380000e-01   9.53959124040000e-02   3.58373223132630e-02
-5.12481701982000e-01  -1.33634820243000e-01  -8.48235957710000e-01   2.28436359051478e-02
 9.61040861775000e-01   5.38964541820000e-02  -2.71100782414000e-01   2.36611657225122e-02
-1.66986628042000e-01  -7.36074163236000e-01   6.55980405402000e-01   1.23565844297892e-02
 5.29078666339000e-01   6.58174003638000e-01  -5.35614362914000e-01   2.68057512919084e-02
-6.49461786221000e-01   4.66643520780000e-02  -7.58961017763000e-01   2.01126134636741e-02
-1.32024368606000e-01  -9.53018740847000e-01  -2.72625834595000e-01   1.53336936163737e-02
 2.99007637024000e-01   7.12440922544000e-01  -6.34840424741000e-01   3.52654711217053e-02
-4.42655197482000e-01   8.81525458399000e-01   1.64223147990000e-01   1.56847915495759e-02
 2.29421097887000e-01  -6.69316864930000e-02  -9.71023227934000e-01   2.22622083031497e-02
 6.21845236914000e-01   1.85474449354000e-01  -7.60859862238000e-01   6.36650677046299e-03
 1.83090269830000e-01  -8.67440517223000e-01   4.62628254837000e-01   1.08915135264737e-02
-6.55603856259000e-01   1.79271728869000e-01  -7.33515665059000e-01   4.01345914018662e-03
 9.70259114990000e-02  -9.36719754160000e-02  -9.90864033821000e-01   1.26562877583306e-02
-9.25189102309000e-01  -3.51140253555000e-01  -1.43964048645000e-01  -2.94568679262176e-03
 1.53674843901000e-01  -2.06113849776000e-01  -9.66385597618000e-01   2.12287615337355e-02
-5.40031165794000e-01  -6.11694360000000e-05  -8.41645017943000e-01   4.33182950813919e-03
 9.36166236063000e-01  -2.45863467010000e-02   3.50696863418000e-01   2.06844225291375e-02
-7.34272891251000e-01   6.09127187075000e-01   2.99678813297000e-01  -2.43625491271986e-03
 3.26840127325000e-01  -9.06386784570000e-01   2.67653746335000e-01   1.24040007077701e-02
-1.05636721607000e-01   9.91174204123000e-01   8.00910739730000e-02   6.53740886055322e-03
-1.27490658445000e-01  -5.17956568952000e-01   8.45852897783000e-01   1.81934680007162e-02
-2.84858567958000e-01   6.62455410900000e-01  -6.92826403099000e-01   4.53020891012064e-03
 8.85231013012000e-01  -4.50366428757000e-01   1.16344890092000e-01   3.00328448634946e-02
 7.91477858337000e-01  -3.61429050067000e-01  -4.92881163700000e-01   5.63742724188270e-03
 1.17546428850000e-01  -9.80970676014000e-01  -1.54529511309000e-01   1.39552950297886e-02
-9.55621770704000e-01  -1.76913892316000e-01   2.35559983999000e-01  -1.38434883112013e-02
-7.95196577172000e-01   4.13780021654000e-01   4.43225109097000e-01  -1.80871298810088e-02
-8.75538291701000e-01  -8.46232038510000e-02  -4.75680158442000e-01   9.55623667013967e-04
 4.18041631460000e-02  -3.56453534517000e-01   9.33377356525000e-01   8.54583933562954e-03
-3.76161944550000e-02  -9.78016508723000e-01   2.05106632220000e-01   1.57610693363731e-02
 5.21428024215000e-01  -2.23814783717000e-01  -8.23419551719000e-01   8.83061748082551e-03
-3.24487417402000e-01   8.71013855728000e-01   3.68839774262000e-01   1.70592444890018e-02
 2.92622645852000e-01  -8.01966745017000e-01   5.20789138733000e-01   3.31756287112964e-02
 2.42216401922000e-01   9.58918647764000e-01  -1.47669365849000e-01   1.24079191584164e-02
 9.15117199967000e-01   2.71808265830000e-02  -4.02270696161000e-01   7.70920164019860e-03
-5.96998460969000e-01   2.65842872430000e-02   8.01801791762000e-01   3.05777536167241e-02
-9.86854777507000e-01  -1.00429259164000e-01   1.26616002209000e-01   4.29392333149755e-02
-7.59197592675000e-01  -3.38930491549000e-01   5.55648393477000e-01  -3.90035784613254e-04
 7.15992276001000e-01  -4.93067098349000e-01  -4.94206330628000e-01   1.12018564113493e-02
-7.00062808848000e-01   6.06694579300000e-03   7.14055499129000e-01   2.06380581312790e-02
 2.74894873540000e-01   8.77161910861000e-01  -3.93725527031000e-01   1.15488985596827e-02
 8.94173244238000e-01   4.36098560863000e-01  -1.01352131216000e-01   1.61520891912352e-02
 7.17520288579000e-01   3.40384187907000e-01  -6.07703250033000e-01   6.67751533369564e-03
 5.24516145988000e-01  -6.53834880660000e-01  -5.45328122720000e-01   1.22963944191687e-02
-5.53995856111000e-01   1.34839501590000e-01  -8.21527175584000e-01   2.78959194502660e-02
-8.91914303479000e-01   1.51416405111000e-01   4.26100865421000e-01   6.18913867613538e-02
-1.83564213437000e-01   7.35820669476000e-01   6.51822155129000e-01   9.22401903043454e-03
-3.07637143682000e-01   4.30216932268000e-01  -8.48688858780000e-01  -6.20953388879611e-03
 6.98878308055000e-01   2.88676569694000e-01   6.54396629454000e-01   3.47322794378930e-02
 9.70667162004000e-01  -2.36243825602000e-01   4.46555200560000e-02   2.73413215288401e-02
 8.68225336023000e-01  -3.29245158660000e-01  -3.71190505517000e-01   1.61923028825416e-02
 7.78794109484000e-01   6.23761145618000e-01   6.63458231590000e-02   1.55241689270804e-02
-6.10599319345000e-01  -6.49108995378000e-01   4.53680485953000e-01   3.95770727427100e-02
 5.04143088730000e-02   8.42368007944000e-01   5.36539408295000e-01   2.03365901579224e-02
-2.83881940855000e-01  -8.55946672965000e-01  -4.32164710148000e-01   7.98322639400653e-03
 4.84887253895000e-01  -4.65248650153000e-01  -7.40559278209000e-01   1.75373213542219e-02
 1.16132869058000e-01   9.70412150034000e-01  -2.11691794338000e-01   1.23018390667572e-02
-9.23480109597000e-01   2.35400813364000e-01  -3.02937195217000e-01   2.78558411644869e-02
-6.65451395137000e-01  -2.96865536088000e-01  -6.84868815317000e-01   2.47548605575938e-02
-4.29467124812000e-01  -7.01330535754000e-01  -5.68940654485000e-01   1.76233997311710e-02
 5.58355636403000e-01  -8.29593559801000e-01  -3.67543650400000e-03   1.58282108996690e-02
-2.28993572902000e-01  -4.26911759749000e-01   8.74819005828000e-01   1.53405256366023e-02
-6.11319574263000e-01  -7.46281562516000e-01  -2.63348073036000e-01   2.41728954326519e-02
 2.09667064713000e-01  -6.13461743025000e-01   7.61383222707000e-01   2.26214089577371e-02
-8.95007305590000e-01   4.22069912918000e-01  -1.44287600122000e-01   2.70921846184232e-02
-5.77663712672000e-01  -4.73247118104000e-01   6.65087813952000e-01   6.45852835605331e-03
-1.12623000015000e-01   9.91557091326000e-01  -6.42697013230000e-02   3.09576955524730e-02
 7.17697988030000e-02   5.29228909348000e-01  -8.45438263560000e-01  -3.88483154012824e-03
 4.23506283450000e-02   1.50797238035000e-01  -9.87657135488000e-01   1.29812710024228e-02
-6.28239150502000e-01   4.30952940700000e-01  -6.47761632607000e-01   1.71805824967265e-02
-9.93358339291000e-01   5.94293434240000e-02  -9.85259503990000e-02  -6.23469763832312e-03
-4.88345116684000e-01  -5.77059875510000e-01   6.54615113702000e-01   3.69894346837300e-02
-1.93036129116000e-01   4.31987532058000e-01   8.80978901565000e-01   3.76066410640199e-02
-4.15726533020000e-01  -7.83262010570000e-01  -4.62246765853000e-01   9.94343125648649e-03
-8.26038432740000e-02   2.11547082658000e-01  -9.73870852267000e-01   3.47589912694738e-02
 1.05413714505000e-01  -9.84868668718000e-01   1.37556003764000e-01   2.78210004061962e-02
-4.10394326893000e-01   6.29653068955000e-01   6.59631343411000e-01   2.04189838042885e-02
-5.94798626269000e-01  -2.18292422345000e-01  -7.73668541777000e-01   6.20455190407573e-03
-4.38254769370000e-01   8.45613732538000e-01   3.04746078675000e-01   9.35121815214675e-03
-9.99613857451000e-01  -2.43552076260000e-02   1.33775877460000e-02   1.64603249262338e-02
 3.96293026261000e-01   7.40601198360000e-01   5.42643255118000e-01   8.98484973944253e-03
 8.60949073385000e-01   2.66538747887000e-01  -4.33271034010000e-01   7.84174244245633e-03
-9.68960667093000e-01   1.69721078816000e-01   1.79749773384000e-01   2.27731627023108e-02
 5.15123738545000e-01   1.61447417061000e-01  -8.41773286290000e-01   2.07963495636510e-02
-8.00437103471000e-01  -3.51669613616000e-01  -4.85416240196000e-01   2.41905645351189e-02
-9.67733636534000e-01   1.47147199437000e-01  -2.04546597180000e-01   3.42025046230511e-02
 6.00171529923000e-01   3.39945053342000e-01   7.24038324523000e-01   5.09251777235050e-03
 5.09713854231000e-01  -4.11756633323000e-01   7.55412643341000e-01   3.75898708459434e-03
 7.56320088500000e-03   9.57620263434000e-01  -2.87934417973000e-01   3.13947244650999e-02
-8.67567748159000e-01  -4.45701361329000e-01   2.20627511576000e-01   2.20854489722295e-02
-2.27017738221000e-01   9.64442376446000e-01  -1.35328670462000e-01   3.85800968286564e-03
-2.78401596095000e-01  -9.58295022142000e-01   6.45228783390000e-02   1.01872150665766e-02
 9.31930072360000e-02  -4.40918343421000e-01  -8.92695960469000e-01   1.90550890510668e-02
-3.79393167633000e-01  -9.14182012238000e-01   1.42590577715000e-01   2.81059758127986e-02
 8.49896300152000e-01   5.14467025262000e-01   1.14017362297000e-01   2.26621990614302e-02
 7.40688893940000e-01  -6.54419442757000e-01   1.52036690754000e-01   2.37316515896197e-02
 4.24805229256000e-01   6.33505178889000e-01  -6.46692898923000e-01   1.73146767036256e-02
-6.39355124148000e-01  -5.98058595283000e-01  -4.83271085245000e-01   1.74119101602143e-02
 3.21309352817000e-01  -3.64387243874000e-01  -8.74060773799000e-01   1.62837076004306e-02
-6.29106589346000e-01  -8.63273858370000e-02  -7.72510505881000e-01   2.58801293567783e-02
-1.90783528151000e-01  -1.68677200140000e-02  -9.81487200837000e-01   2.15781029231526e-02
 8.73149450030000e-02  -6.64800353240000e-01   7.41900660945000e-01   5.60244143473722e-03
 2.24125153493000e-01  -7.04328789274000e-01   6.73564304407000e-01   2.78736498831339e-02
 1.61864877409000e-01   8.63683772348000e-01  -4.77336467121000e-01   3.16948848058538e-02
-7.93232805901000e-01  -5.05540537892000e-01   3.39426693396000e-01   5.66089594537666e-02
-9.05898112180000e-01  -2.53023374336000e-01   3.39599444033000e-01   2.64463391653385e-02
 8.10428557010000e-01   8.68694125170000e-02   5.79361078389000e-01   4.95903653647063e-02
-7.00405658065000e-01   4.82778912420000e-01  -5.25696144054000e-01   2.27871422631948e-02
 9.87730911668000e-01   8.05129806970000e-02  -1.33810709869000e-01   1.74669355681609e-02
-1.66696313217000e-01  -8.40371970157000e-01  -5.15739557272000e-01   2.28309966346155e-02
-5.33541213702000e-01  -8.45672556075000e-01  -1.31034798060000e-02   7.98328014747449e-04
-5.53034143802000e-01   2.69402240454000e-01  -7.88400703087000e-01   1.91880366045754e-02
 1.60259488425000e-01   4.87638431960000e-02  -9.85869658711000e-01   1.58476298282420e-02
-5.58852115510000e-01   8.27983889498000e-01  -4.61193204840000e-02   2.47107653141263e-02
-4.53511897113000e-01   8.82942159685000e-01  -1.21408821042000e-01   6.62904315319920e-03
 7.39445091845000e-01  -6.60644103794000e-01  -1.29500286750000e-01   7.01288017900978e-03
 3.70524560410000e-02   4.13471933404000e-01   9.09762648051000e-01   1.68753684268407e-02
 6.00844327310000e-01   5.19692003590000e-02  -7.97674931632000e-01   2.28032498938275e-02
-5.60293847518000e-01   3.97335422308000e-01   7.26770504776000e-01   3.50002381504993e-02
 6.45231945961000e-01   7.17080151380000e-01  -2.63575022352000e-01   1.77473077212334e-02
-5.57935301372000e-01   7.68509077397000e-01  -3.13212383919000e-01   7.66173738243555e-03
 5.09432795698000e-01  -5.64224569258000e-01  -6.49714446594000e-01   2.04843889463637e-02
 7.09192591173000e-01   6.16647041099000e-01  -3.41748877583000e-01   2.13645820478761e-02
-7.93080154475000e-01  -3.55577051620000e-02   6.08078546062000e-01  -9.29786078536671e-03
 2.88652553301000e-01   7.24792636659000e-01   6.25583997013000e-01   1.27167044231970e-02
 4.66615933451000e-01   8.60782310564000e-01  -2.03281539915000e-01   1.93932811357435e-02
-5.40707673765000e-01   6.88970976428000e-01   4.82653297069000e-01   2.04741646536884e-02
 1.10997455057000e-01  -9.48271988666000e-01  -2.97421923340000e-01   1.63750375964371e-02
 7.04885565280000e-01   6.46481965494000e-01   2.91885950590000e-01   1.21250406481752e-02
 2.76565606863000e-01   9.27092617342000e-01   2.53003446559000e-01   1.56739417878535e-02
 7.57092994160000e-01  -4.57221932615000e-01   4.66645799863000e-01   1.17433423287843e-02
 7.31540245702000e-01  -6.33023894469000e-01  -2.53238263203000e-01   2.66407211708870e-02
 8.43076325629000e-01  -3.77765842883000e-01   3.82773140536000e-01  -6.04792174603035e-05
-7.56115536840000e-02   4.83751540620000e-01   8.71933105173000e-01   7.04972908328575e-03
-4.50607257380000e-02  -7.03689582942000e-01   7.09077218541000e-01   2.93485703501406e-02
-1.52351357025000e-01  -6.31853007679000e-01   7.59967657667000e-01   3.58095276928746e-03
 4.27770040188000e-01  -6.35001571001000e-01   6.43261842133000e-01   2.51799833369563e-02
 9.86822128883000e-01  -1.48166349054000e-01  -6.50293699410000e-02   2.06404331729909e-02
-6.30844181850000e-02  -2.67739228675000e-01   9.61423975991000e-01   2.70159034548637e-02
-7.30044215131000e-01  -4.80401926242000e-01  -4.86054969337000e-01   5.78455274009633e-03
 4.13862543931000e-01   2.67892626098000e-01  -8.70029502726000e-01   8.31567023640773e-03
-5.42599145960000e-02  -8.77731611235000e-01   4.76070457293000e-01   8.97231986808892e-03
-4.73523070237000e-01  -2.65448285095000e-01  -8.39829214717000e-01   2.03184868720369e-02
 9.61733932813000e-01  -2.01775286597000e-01   1.85349875087000e-01   2.11342933190825e-02
 1.64537599173000e-01  -6.66924422565000e-01  -7.26731857733000e-01   2.02731947280542e-02
 7.29334112283000e-01   3.84623062232000e-01   5.65806373824000e-01   9.34432640485482e-03
-8.87212991007000e-01   3.75601695642000e-01  -2.67911318947000e-01   2.70447171343757e-02
 6.67334673232000e-01   5.67737971900000e-02   7.42590849563000e-01   4.71790903429610e-02
 7.01845948567000e-01  -5.79861850038000e-01   4.13729983625000e-01   7.81245278424003e-03
 3.73534415553000e-01   1.56181767208000e-01   9.14373717902000e-01  -3.91374129170132e-03
 4.05690879040000e-02   9.10287279336000e-01   4.11984487797000e-01   2.14588002124476e-02
-2.04915970116000e-01   2.61783792434000e-01  -9.43121779629000e-01  -1.44205039255003e-03
-2.69770705280000e-01  -6.02743295530000e-02   9.61036300963000e-01   2.73877669787087e-03
 4.02873264688000e-01   4.23892048521000e-01   8.11177331907000e-01   1.17555268406082e-02
 2.90916686028000e-01  -6.77744908784000e-01  -6.75299430185000e-01   1.53350866072461e-02
 3.73975033505000e-01   8.09115014049000e-01  -4.53294130070000e-01   2.83274144205362e-02
 5.48287546162000e-01  -7.84280044353000e-01  -2.90319787051000e-01   2.28951894476609e-02
-6.16228142920000e-02  -7.24567318500000e-02  -9.95466047019000e-01   2.58475341640759e-02
-2.37815964320000e-01   7.26440288810000e-02   9.68589909189000e-01   1.26098754616970e-02
-1.03420765222000e-01   9.29184227736000e-01  -3.54853231981000e-01   4.64353929953064e-03
 4.54526550713000e-01  -8.86901901925000e-01  -8.25265476050000e-02   2.54781007236678e-02
 2.09966976404000e-01  -1.80978296497000e-01   9.60812533753000e-01   4.46524496780698e-03
 1.47577959349000e-01  -4.35506134658000e-01   8.88006279589000e-01   2.29702323050504e-02
 3.47894821800000e-02  -6.41399370844000e-01  -7.66417992358000e-01   2.16348451130099e-02
 8.18972712327000e-01  -1.98735128125000e-01   5.38319649756000e-01  -1.03551434144578e-02
 7.91898636409000e-01   1.06032911806000e-01  -6.01376397332000e-01   3.69189416815346e-03
-7.30827324054000e-01  -5.66292018630000e-01  -3.81057439309000e-01   2.49459778678907e-02
-6.60095865696000e-01   7.43796409083000e-01  -1.05073069466000e-01   1.26196904481791e-02
 7.31448119452000e-01  -2.78134511262000e-01   6.22595247489000e-01   1.77652840131533e-02
 8.74355141598000e-01   4.22110183338000e-01  -2.39428652179000e-01   2.09628193989092e-02
-3.32641135820000e-02  -8.76969678620000e-01  -4.79393034502000e-01   1.10117277050994e-02
-6.08297483607000e-01  -4.22525412735000e-01  -6.71897646246000e-01   6.44463012748767e-03
 1.89464018898000e-01  -7.61763206845000e-01  -6.19532244715000e-01   1.93563927110160e-02
 7.01745903010000e-01   4.65994947726000e-01  -5.38889038952000e-01   1.41754922689448e-02
-6.34349565164000e-01   6.09794737014000e-01  -4.75132621365000e-01   3.11176236803611e-02
 1.06137614290000e-02   9.99934631168000e-01   4.25222999500000e-03   1.38694511973931e-02
-6.61700278806000e-01   7.12185262631000e-01  -2.34403269429000e-01   3.54922140531349e-02
-8.11987436990000e-01  -4.42917085398000e-01  -3.80132684247000e-01   2.43947090397370e-02
-7.28999425528000e-01   3.58968730343000e-01  -5.82838989959000e-01   8.27367597163127e-03
-9.78026185410000e-02  -3.94449906407000e-01   9.13697936488000e-01   1.98992238462049e-02
 1.32797549986000e-01  -5.59384560431000e-01  -8.18201518129000e-01   1.04922651433391e-02
-8.29189067246000e-01   5.18164915932000e-01  -2.09644009351000e-01  -4.93862641218743e-03
 8.19817690996000e-01  -5.66950593090000e-01   8.04113084410000e-02   1.46050131152605e-02
-4.84528773523000e-01   5.18673998211000e-01   7.04421146196000e-01  -4.15285293332298e-03
-9.77641784838000e-01   1.97183062430000e-01  -7.30436884930000e-02   1.93034889045139e-02
-7.11356737508000e-01  -6.14064110633000e-01   3.41901828065000e-01  -7.19116190121582e-03
-7.27025045655000e-01  -2.47895357017000e-01   6.40298738840000e-01   1.52013769936077e-02
-3.37268170437000e-01   9.37187767828000e-01   8.90464431780000e-02   9.27773394175763e-03
-2.11213097567000e-01   1.27370630392000e-01  -9.69105644360000e-01   2.41116842936222e-02
 7.99505771835000e-01  -5.28848957320000e-01  -2.84796947219000e-01   8.06013517845537e-03
-2.91267637644000e-01  -4.39872566450000e-01  -8.49514737098000e-01   1.89712159860009e-02
-4.00798204529000e-01  -7.56738908801000e-01   5.16436853016000e-01   3.83294799351626e-02
 1.32540914103000e-01   4.90782599150000e-02   9.89961731832000e-01   3.23572681595660e-03
-5.20185541619000e-01   6.44779897562000e-01  -5.60058823688000e-01  -1.21880934762920e-03
-7.20540514997000e-01  -1.22812244532000e-01   6.82450378299000e-01   2.69733223021422e-02
 3.16382920349000e-01  -2.64097574101000e-01   9.11128047568000e-01   2.02670576215693e-02
-8.13083559313000e-01   2.76932953124000e-01  -5.12057872754000e-01   2.67236168561288e-02
-5.55164896982000e-01  -3.55339586578000e-01   7.52014438272000e-01   1.82973229447141e-02
-9.37646316898000e-01   9.76948099120000e-02  -3.33579238748000e-01  -3.22854445380976e-03
-9.60385249580000e-01  -1.29753335803000e-01  -2.46625716902000e-01  -3.90152040585292e-03
-9.89803732050000e-01  -7.90572723100000e-02  -1.18484259353000e-01   3.85270680338473e-02
 6.11670861047000e-01   6.96591618006000e-01   3.74991833871000e-01   2.24218495772007e-02
-8.71034091752000e-01  -1.85168698765000e-01   4.54985894291000e-01  -3.23128768422339e-02
-3.71165143311000e-01  -9.01885884047000e-01  -2.20993865407000e-01   9.84757608396746e-03
 7.85070517776000e-01   5.84216531853000e-01   2.05804096239000e-01   1.39362109039418e-02
-8.18088991373000e-01   4.67225900320000e-01  -3.35306367766000e-01   2.25651317967315e-02
 4.15434708539000e-01  -3.49391679372000e-01   8.39844900756000e-01   2.62673700407976e-02
 5.25402289767000e-01   2.93742647152000e-01  -7.98540976501000e-01   2.52337620714621e-02
-9.51883204204000e-01   9.69028323630000e-02   2.90737349913000e-01   4.55024545649431e-02
-1.96065763810000e-01   2.05968646982000e-01   9.58715355422000e-01   5.01765182602587e-02
-4.35410862816000e-01  -3.97887120320000e-01  -8.07529083083000e-01   1.17373152268813e-02
-5.99942405360000e-01   4.92237681937000e-01   6.30691029532000e-01   2.76604800464619e-02
-8.64173939620000e-01  -4.79919943231000e-01  -1.51262190157000e-01   3.03273446620129e-02
-8.19267134816000e-01   7.73402733500000e-03  -5.73359875324000e-01   1.92632049519712e-02
-4.03030457236000e-01  -8.25517497918000e-01   3.95078867028000e-01   1.58881701834970e-02
 4.15685169195000e-01   5.40918875935000e-01   7.31172079451000e-01   7.46104548423839e-03
-5.80823379610000e-01  -8.01513437846000e-01  -1.42198490323000e-01   2.13409597898140e-02
 5.39323916283000e-01  -2.87857788502000e-01   7.91370713966000e-01   1.87871104803229e-02
 4.17179354010000e-01   8.44052464487000e-01  -3.36952257421000e-01   1.27275732589027e-02
-2.88795375053000e-01  -1.05345619814000e-01  -9.51577391353000e-01   2.33928549361364e-02
 3.03683148797000e-01   4.92396564891000e-01  -8.15672831484000e-01   3.57615832465977e-03
-6.50941015166000e-01  -7.58438679884000e-01  -3.23506357130000e-02   1.86842924498539e-02
 4.40236108310000e-02   2.87676617837000e-01   9.56715258182000e-01   2.73685741817039e-02
 7.43425300882000e-01   6.34925414901000e-01  -2.10210702681000e-01   1.40529181245276e-02
-6.56912767272000e-01  -3.63723053095000e-01   6.60432552833000e-01   1.98596867692924e-02
 5.77796505467000e-01   7.98862045353000e-01  -1.67244224907000e-01   1.55862464912721e-02
 4.02577309151000e-01  -2.46159353627000e-01  -8.81667217707000e-01   2.29886512859963e-02
-9.64455234411000e-01  -2.40051859294000e-01   1.10459067832000e-01   2.25977764175562e-02
 4.49536141270000e-01  -3.58791000323000e-01  -8.18038064994000e-01   1.51161820111804e-02
-6.19007474198000e-01   2.70562567546000e-01   7.37309734053000e-01   4.27055866372920e-02
-7.12714410982000e-01  -3.86778645228000e-01  -5.85184114595000e-01   2.11209796549328e-02
 6.29155891897000e-01   4.38928974105000e-01   6.41485946363000e-01   1.23032740779081e-02
-1.66909822039000e-01  -1.69747489330000e-01   9.71250174349000e-01   1.36870275949214e-02
 8.72867736896000e-01  -4.17837391395000e-01   2.52019499717000e-01   1.42376133527556e-02
-5.44980684290000e-02   4.65595417919000e-01  -8.83318100885000e-01   1.60550879963031e-02
 1.39526707585000e-01   9.87974478006000e-01   6.66237846410000e-02   1.07309823113116e-02
-2.20143994958000e-01   9.62868850620000e-01   1.56269632332000e-01   2.31851345949962e-02
-6.33851457794000e-01  -2.38049676906000e-01   7.35910783164000e-01   1.60722692410076e-02
 3.38693647229000e-01  -7.17804248054000e-01   6.08312152436000e-01   7.44340840765486e-03
 2.84042392650000e-01   3.86769050988000e-01   8.77342362123000e-01   1.44095110887169e-02
-1.67731012266000e-01   6.41344096263000e-01   7.48694902956000e-01   3.00237625807609e-02
 3.31887827564000e-01  -1.33203431785000e-01  -9.33866861858000e-01   1.03565193678357e-02
 9.55700439443000e-01   1.85376725602000e-01  -2.28631012010000e-01   1.01286827164401e-02
-5.11018757146000e-01  -8.06311675999000e-01   2.97861227742000e-01   3.96996992396167e-02
 3.09781015651000e-01   6.11378719502000e-01  -7.28183894138000e-01   4.35031114809001e-03
-1.71114750756000e-01  -8.24486071138000e-01   5.39390823589000e-01   3.64705501788274e-02
-9.41936163193000e-01   2.86056306956000e-01  -1.75863736229000e-01  -7.59515924155731e-03
-3.95425502710000e-01  -8.50533593475000e-01  -3.46743822119000e-01   2.87937177749052e-02
 1.92399577498000e-01   5.76449114912000e-01  -7.94159190903000e-01   4.14224532748669e-02
-1.08032292100000e-03  -5.25519179195000e-01  -8.50781067726000e-01   2.24880375306755e-02
 5.53229470698000e-01  -8.21096764781000e-01   1.40489343432000e-01   2.96885621619435e-02
 2.87022974172000e-01  -3.89739674639000e-01   8.75054740179000e-01   7.30063660660938e-03
-2.73763305756000e-01  -6.57881146424000e-01   7.01602486884000e-01   3.47006420110650e-02
 5.25650379827000e-01  -7.46758563162000e-01   4.07484142675000e-01   1.61045146789919e-02
-7.35042615805000e-01   6.62074895778000e-01   1.46182028071000e-01   3.27687825053662e-02
 2.30802062267000e-01  -9.45165462381000e-01  -2.31068511000000e-01   1.89392586823525e-02
-9.26490867355000e-01   3.65399733030000e-01   8.99872647050000e-02   1.52656881886058e-02
-4.25092977379000e-01  -9.04795891239000e-01   2.53052520490000e-02   1.83551249231364e-02
 4.29739475215000e-01  -7.54249356923000e-01  -4.96419067948000e-01   1.94871119416071e-02
-5.60881683435000e-01   8.07537390460000e-01  -1.82469450034000e-01   1.32927114826343e-02
-7.27530866088000e-01   5.38181186870000e-01   4.25511279509000e-01   2.70218065152446e-02
 6.21824391439000e-01   2.12803226878000e-01   7.53690395880000e-01   2.34288747113645e-02
 4.78777315960000e-02   8.35810534827000e-01  -5.46926386901000e-01   8.65741584913214e-03
 5.99811169080000e-02   7.56559389736000e-01   6.51168300377000e-01   1.39590915009664e-02
-1.37266103181000e-01  -3.77401986810000e-02   9.89814979843000e-01   3.71197738627952e-02
-4.38492924297000e-01   7.88561120987000e-01   4.31155788329000e-01   3.25317323359526e-02
 1.28416811600000e-03  -9.97276285904000e-01  -7.37452404260000e-02   2.28534439851700e-02
 2.21550541177000e-01  -9.01910696682000e-01  -3.70772778012000e-01   1.59976774995715e-02
-3.81653854409000e-01   3.07457450650000e-01   8.71670953660000e-01   4.95743742900080e-02
 3.46108738729000e-01   9.05664220484000e-01  -2.44910311565000e-01   1.72196564899305e-02
 7.88402752217000e-01   3.69640528915000e-01  -4.91718394694000e-01   2.45426197456812e-02
 1.63445330496000e-01   3.39774383841000e-01   9.26195979275000e-01   1.74617627292179e-02
-5.43404157294000e-01   8.06363639093000e-01   2.33430082433000e-01   2.79308334467760e-02
-2.22139845100000e-03  -9.75622360895000e-01  -2.19444923182000e-01   1.75579283216548e-02
-6.09584761155000e-01  -7.63592629016000e-01   2.12914808975000e-01  -5.80541583845464e-03
 5.24438472577000e-01   4.20295683643000e-01  -7.40483508792000e-01   7.51588641535572e-03
 8.65624795211000e-01   4.48107716742000e-01   2.23367831417000e-01   9.30162140660636e-03
 2.84833489392000e-01   8.13435427591000e-01   5.07141684798000e-01   2.78233262238152e-02
 7.20293303387000e-01  -5.76130606798000e-01  -3.86330274515000e-01   1.52163057646987e-02
-5.47880228455000e-01  -3.49973030310000e-01  -7.59832964094000e-01   2.26368495387943e-02
 3.85025186553000e-01   2.94330605449000e-01   8.74714296451000e-01   1.78726115137910e-02
-8.97086169140000e-02   7.62575993660000e-02  -9.93044380977000e-01   3.86429426363798e-03
-3.40204502223000e-01   9.38585142747000e-01  -5.76092569160000e-02   2.64133823282317e-02
-4.18448741048000e-01  -2.10548103296000e-01   8.83498810024000e-01   8.17599080186091e-03
 5.15114115366000e-01   5.40609248021000e-01  -6.65130881184000e-01   9.72273202176115e-03
-8.07635409808000e-01   5.86984922720000e-01   5.63360037930000e-02  -2.10708531633240e-02
-4.97033635319000e-01  -8.53037093528000e-01   1.59013466182000e-01   1.10054827496581e-02
-9.26817463209000e-01  -1.09611311592000e-01   3.59158391606000e-01   4.79412875817909e-02
-4.28744934617000e-01   7.16662640901000e-01   5.50065850764000e-01   3.44401253485815e-03
 4.50809959440000e-01  -8.63138841122000e-01  -2.27512024772000e-01   1.84751090607998e-02
 7.03100909923000e-01   7.89662568670000e-02  -7.06691899445000e-01   2.31884501037206e-02
-7.88602259827000e-01   4.10184521013000e-01  -4.58099481028000e-01   2.13884190571985e-02
 5.39529923337000e-01  -7.27864523070000e-01  -4.23226532581000e-01   1.80502259917023e-02
 9.99378379406000e-01  -1.88651863450000e-02  -2.97818656100000e-02   2.88416409663951e-02
 3.45844948135000e-01  -9.38188468733000e-01  -1.39165005140000e-02   1.51993116122155e-02
-1.33729795596000e-01  -4.77108178996000e-01  -8.68610457746000e-01   2.42864371226119e-02
 9.93391364733000e-01   2.17635296690000e-02   1.12694033779000e-01   1.86116417429439e-02
 5.66145002397000e-01  -3.34030843878000e-01  -7.53593545354000e-01   2.52442298735311e-02
 5.69509001314000e-01  -2.53217748280000e-02   8.21594976337000e-01   5.97741590154419e-03
-8.25938641355000e-01   5.58147905860000e-01  -7.93490762500000e-02   5.51853430829466e-02
 6.93418125895000e-01   7.20306390601000e-01   1.81660765940000e-02   1.53516316746891e-02
-2.47855587445000e-01   3.17313859334000e-01   9.15357592663000e-01   7.81670232732511e-05
-5.37710567669000e-01  -6.00200514743000e-01  -5.92137389057000e-01   1.06760208837299e-02
-4.69184294260000e-01  -4.65954735100000e-01   7.50168169718000e-01   1.91799278898394e-02
 3.21509203230000e-02   1.97539929470000e-02  -9.99287795425000e-01   2.04580095568300e-02
 6.41396211790000e-02   4.05538762078000e-01  -9.11824775627000e-01   3.40046974823045e-02
-7.43556592556000e-01   2.28820763693000e-01  -6.28302993603000e-01   1.65817247510199e-02
-4.19572916964000e-01   4.66300753551000e-01  -7.78795335495000e-01   2.21496626550979e-02
-3.09626500804000e-01   7.31816190491000e-01   6.07105010138000e-01   3.30372419529609e-02
-7.17117930779000e-01  -6.42335397195000e-01  -2.70457225574000e-01   2.11559318070362e-02
 2.54870774161000e-01   1.04627199247000e-01   9.61298100308000e-01   4.01325493713315e-02
-4.43828941992000e-01   4.16966864983000e-01   7.93192601930000e-01   2.15635026074530e-02
-4.45031165699000e-01   8.07678144749000e-01  -3.86785827107000e-01   1.51178961507089e-02
 4.17099531208000e-01   3.97532561416000e-01  -8.17310126990000e-01   1.72493825256916e-02
-1.70608375953000e-01   6.28259843370000e-01  -7.59066763377000e-01   7.08964621798575e-03
 9.84111939232000e-01  -4.84183597190000e-02  -1.70819651980000e-01   6.55725295419208e-03
-3.98679599070000e-01  -8.76812493913000e-01   2.68801837425000e-01   1.73583213944669e-03
-8.95422669740000e-02   8.68012784716000e-01  -4.88401461909000e-01   3.52047856250603e-02
 5.00625480981000e-01   3.24499764083000e-01   8.02542229981000e-01   1.55305532848229e-02
-3.20611581397000e-01   4.29535266764000e-01   8.44220154035000e-01  -3.85769178541915e-03
 4.56291076321000e-01  -1.10833996664000e-01  -8.82901058360000e-01   1.95340374056116e-02
 5.95411567069000e-01   8.02937590934000e-01  -2.78619967840000e-02   2.07755527562994e-02
-8.60184459530000e-02   9.31006402778000e-01   3.54722292705000e-01   2.27592292690279e-02
-8.05121908873000e-01  -1.76029195247000e-01   5.66385411423000e-01   2.77270532691637e-02
 5.48809578612000e-01  -5.87922950488000e-01   5.94268163974000e-01   3.52800829702993e-03
-1.90484356314000e-01   3.89756834166000e-01  -9.01002397455000e-01   4.54713628306343e-02
 3.35334749241000e-01  -5.98079595718000e-01   7.27908925030000e-01   8.06163121774440e-03
 6.04288600822000e-01   6.25461138225000e-01   4.93592596669000e-01   8.29808423354973e-03
 9.05041594601000e-01   2.93710698748000e-01  -3.07625970106000e-01   2.71709902173436e-02
 6.33789134168000e-01  -6.91005971690000e-01   3.47594707237000e-01   2.46727270833427e-02
-3.41167377099000e-01   9.18622496550000e-01  -1.99342744126000e-01   1.84222101389927e-02
 7.49140627219000e-01  -1.44033049373000e-01   6.46562295018000e-01   4.12369223164090e-02
 3.97322308925000e-01   8.69226893217000e-01   2.94244100940000e-01   2.47047570167000e-02
-9.67205043130000e-01  -2.16423777559000e-01  -1.32947933610000e-01   1.98808261506803e-02
 7.67987101014000e-01  -2.64986836372000e-01  -5.83076143592000e-01   2.02804222598777e-02
 6.30536971255000e-01  -1.94017680552000e-01  -7.51518640829000e-01   2.17524653168225e-02
 6.27639306852000e-01  -3.49108226992000e-01   6.95839310718000e-01   3.17269350597799e-02
 4.03706369258000e-01   6.42862450466000e-01   6.50960088793000e-01   2.65259770101550e-02
 6.02068214052000e-01   6.91487733635000e-01  -3.99197419656000e-01   1.53187898091434e-02
 5.98003128130000e-01  -4.37731682821000e-01  -6.71403926561000e-01   1.21404302560619e-02
 8.19099885063000e-01  -1.32762897948000e-01  -5.58076510184000e-01   4.90891675496281e-03
 9.76743879896000e-01   1.57339989324000e-01   1.45655486834000e-01   3.67884744325156e-02
 8.69846943127000e-01  -4.17171317285000e-01  -2.63314237305000e-01   1.09448574795026e-02
 4.76725884444000e-01  -6.97393401684000e-01   5.35140051190000e-01   2.45421310869563e-02
-2.26367982010000e-02  -5.97626501840000e-01   8.01455014124000e-01   2.32708657099312e-02
 4.45372438699000e-01  -8.71760389385000e-01   2.04149980029000e-01   1.17118540835597e-02
 2.25785241300000e-03   9.90280255039000e-01  -1.39068035801000e-01   9.29602365087634e-03
 9.00848639601000e-01   3.34799723722000e-01   2.76370898477000e-01   2.96807699955148e-02
-9.59243496600000e-02   9.70768958069000e-01   2.20013974990000e-01   2.16020239857615e-02
-8.23690737465000e-01   1.42491607122000e-01  -5.48843976841000e-01   5.34089462713200e-03
 1.03828796950000e-01  -9.24573265160000e-02   9.90288454794000e-01   3.14792857214079e-02
-1.10434976016000e-01   9.70903389539000e-01  -2.12486997849000e-01   1.35099562972903e-02
-5.48695646947000e-01   7.54357106303000e-01   3.60386519159000e-01   4.18626419541568e-03
 8.01736441750000e-01  -4.49773553917000e-01  -3.93601865045000e-01   2.98412494034611e-02
-3.24112585048000e-01   1.90131027856000e-01   9.26715287701000e-01  -1.15252929983191e-02
 2.69049509468000e-01   2.48570954705000e-01   9.30497093994000e-01   2.76615743798614e-02
 6.40198315764000e-01  -6.87431428797000e-01  -3.42905449352000e-01   1.09468385489121e-02
 2.56776081593000e-01   9.66374995563000e-01  -1.36166028070000e-02   1.50973146519910e-02
 8.38742777587000e-01   3.99938715615000e-01  -3.69539682304000e-01   1.20026643052288e-02
 7.02642924841000e-01   5.80316979013000e-01   4.11734288153000e-01   1.66900810903356e-02
 4.08071990736000e-01  -7.84473355518000e-01   4.66989084304000e-01   7.19413296057182e-03
 6.52387467034000e-01  -2.19798788895000e-01   7.25313094641000e-01  -8.28587079527755e-04
 2.06684528043000e-01  -8.40532899654000e-01  -5.00785333718000e-01   1.52277292260218e-02
 6.75126749571000e-01  -5.53609662060000e-02  -7.35621530024000e-01   5.26369083463969e-03
 8.26595960400000e-01  -5.96055169720000e-02   5.59630503633000e-01   2.20190552130346e-02
 9.56226068314000e-01  -2.75270710315000e-01  -9.92861637830000e-02   6.18940198700963e-03
-3.17281275412000e-01   3.46250419570000e-02  -9.47699160463000e-01   5.88994169750793e-03
-7.43066486295000e-01   6.69027157338000e-01  -1.59643255280000e-02   3.26236584455620e-02
-8.67107631461000e-01  -5.92236027660000e-02   4.94587626552000e-01   5.66130612729195e-02
 1.94436971440000e-02   9.03627762713000e-01  -4.27877095782000e-01   1.30948920490564e-02
-6.85700159372000e-01  -4.59260444345000e-01   5.64708009237000e-01   3.85185972002417e-02
 9.73249787611000e-01  -7.09072230530000e-02   2.18533788313000e-01   3.51213628818726e-02
-6.15988529856000e-01  -7.12866669992000e-01   3.35230132747000e-01   1.75556138162602e-02
 2.33273108054000e-01  -4.27229307110000e-02   9.71472288977000e-01   1.57476261373282e-02
-7.51736470029000e-01   6.41208252667000e-01  -1.54091714053000e-01  -9.82132561120374e-03
-4.37482172548000e-01   3.45138769501000e-01  -8.30354489655000e-01   2.92937634027980e-02
-2.69344898395000e-01  -9.39694828849000e-01   2.10777025176000e-01   1.35118343790751e-02
-5.93722245195000e-01  -7.99733794663000e-01   8.89929954280000e-02   4.11915113363741e-02
 4.09159792720000e-01   7.25314902812000e-01  -5.53630342178000e-01   6.13589186920165e-03
 7.36752434020000e-01  -6.75966592908000e-01   1.62793193470000e-02   1.82808759305487e-02
-9.17914854746000e-01   2.14424741610000e-02   3.96197601884000e-01  -3.08121837434627e-02
-3.95989307864000e-01   5.79288614224000e-01  -7.12472574552000e-01  -1.33595133470788e-02
 2.52351669836000e-01  -5.07023512779000e-01   8.24163692612000e-01   1.64138401010537e-02
 9.90911735046000e-01  -1.08997565747000e-01   7.88255289230000e-02   9.97782669160119e-04
-8.88293350645000e-01   4.58917032925000e-01  -1.81681064340000e-02  -1.80043542861080e-02
 8.64527031924000e-01   1.33085217612000e-01  -4.84645577640000e-01   2.31515548659564e-02
-2.26561717005000e-01   9.73922722879000e-01   1.20132529660000e-02   1.81293717250957e-02
-9.84268455460000e-02  -2.81642471519000e-01  -9.54457790744000e-01   2.81752920867616e-02
-8.49956637880000e-01   2.81095310099000e-01   4.45599753551000e-01   9.07605726207703e-03
 1.80213256083000e-01  -7.90566001572000e-01   5.85259412133000e-01   3.91117492740369e-03
 4.93962307952000e-01   7.51467881850000e-01  -4.37375423259000e-01   1.46105224131475e-02
 9.32219338607000e-01  -3.28609606036000e-01   1.51600895605000e-01   2.58048097765014e-04
-4.11041435903000e-01   6.67118090222000e-01  -6.21287688329000e-01   4.89113536377370e-02
 9.66821722412000e-01   6.37303236440000e-02   2.47374620606000e-01  -3.97833444667620e-03
-9.21760056333000e-01  -3.17856355479000e-01   2.22093979724000e-01   3.93581151603478e-02
-5.40869608330000e-02   7.06599885617000e-01   7.05543196632000e-01   1.38301874366139e-02
-7.96549180455000e-01  -5.63616416005000e-01   2.18737145282000e-01  -1.28082092437474e-02
-7.45181758890000e-01   9.61611655920000e-02  -6.59891791470000e-01   2.92291233703945e-02
 1.81900868245000e-01   3.23278084903000e-01  -9.28656747110000e-01   6.84147719088282e-03
 9.42622461390000e-01   2.06999780157000e-01   2.61942715680000e-01   5.23256260130983e-03
 3.81806246463000e-01   9.23816699354000e-01   2.80481043330000e-02   1.96872078873825e-02
 7.44829924650000e-02  -2.27517448437000e-01   9.70921260706000e-01   1.89165412464879e-02
 2.29149964382000e-01  -4.67172993903000e-01  -8.53955319435000e-01   2.08391735499088e-02
-1.72975964564000e-01   5.11397592594000e-01  -8.41755200740000e-01  -5.41801910119448e-03
 4.13644784904000e-01   5.20853339125000e-01  -7.46732744055000e-01   3.29479781786577e-02
-9.86764563098000e-01  -1.62113777847000e-01  -3.84968143200000e-03  -6.89594221776202e-03
 2.64489409890000e-01  -5.77383916820000e-01  -7.72446221205000e-01   1.85011289203785e-02
-6.66238495740000e-02   7.98028407270000e-01   5.98925641343000e-01   2.47589156523229e-02
 7.90225576291000e-01   5.20649186475000e-01   3.23215041727000e-01   2.71453466933096e-02
 8.15769633025000e-01  -5.38275903669000e-01   2.11610390490000e-01   9.24557796574164e-03
-5.10071111840000e-01   5.27961197285000e-01  -6.79031983803000e-01   3.61508319344931e-02
 9.32788178528000e-01   3.14821532464000e-01  -1.75481100677000e-01   8.29962167490892e-03
-6.48563261410000e-01   3.08524991043000e-01  -6.95829020559000e-01   2.87994367118991e-02
 7.15440003600000e-02  -7.56491123133000e-01   6.50078946463000e-01   2.00418856098024e-02
-7.00742101364000e-01  -5.46774941192000e-01   4.58255028407000e-01   1.24977343155305e-02
 6.53409219288000e-01  -7.54013480463000e-01  -6.72314169800000e-02   2.69717990897116e-02
 2.78235833658000e-01   9.13213305260000e-02  -9.56161720348000e-01   1.07901937373152e-02
 3.91751713216000e-01   9.05585589229000e-01   1.62620219450000e-01   1.04562688092594e-02
-7.23000511513000e-01   2.37756875542000e-01   6.48646227526000e-01   1.84181362818814e-02
 6.07007417529000e-01   7.86866167981000e-01   1.11281753908000e-01   1.32088616560332e-02
 6.65549711144000e-01  -8.49149906330000e-02   7.41507266560000e-01   1.47397487876631e-02
-6.69010569123000e-01   3.68540389426000e-01   6.45447782368000e-01  -1.80625804548582e-02
 3.90927548979000e-01  -5.79290949654000e-01  -7.15260544905000e-01   1.61041711584921e-02
 9.33454919891000e-01  -1.60819412264000e-01   3.20622876865000e-01  -7.67682734896454e-03
 5.49538619560000e-02   7.45389110264000e-01  -6.64360705758000e-01   3.65510338370623e-02
-2.55293709959000e-01  -5.46778391710000e-01   7.97407368924000e-01   2.14953942717525e-02
-6.90953933240000e-01  -7.06331833246000e-01  -1.53876585234000e-01   6.46512140134428e-03
-8.77374447188000e-01  -3.99631788994000e-01  -2.65534390704000e-01   2.12899972021313e-02
 7.56671152561000e-01   4.64743082090000e-01   4.59850665468000e-01   1.04779321824172e-02
 6.00925496214000e-01   5.56174252217000e-01  -5.74072076634000e-01   1.62611238132920e-02
 2.92644748035000e-01   6.21687051239000e-01   7.26542677184000e-01   1.44888765624507e-02
 6.22226312073000e-01   4.37745353139000e-01  -6.49009570321000e-01   2.74365986211829e-02
-2.96875979175000e-01  -1.92724891421000e-01   9.35265614259000e-01   2.81620725087748e-02
 5.37039882292000e-01   7.85814105659000e-01  -3.06731733240000e-01   1.95236744167359e-02
-1.90946027995000e-01  -6.66586041128000e-01  -7.20557190073000e-01   2.65153020744111e-02
-6.96998503935000e-01  -7.10994262309000e-01   9.31678296240000e-02  -4.68415295485848e-03
-3.95332648971000e-01  -7.70840332330000e-02   9.15297846866000e-01   1.84469275549058e-02
-5.07023143127000e-01  -4.96398253728000e-01  -7.04639131775000e-01   2.18273149518006e-02
-7.32819369038000e-01  -3.68231788270000e-02  -6.79426100370000e-01   4.27337446536380e-03
 2.14003343750000e-02   9.89343311535000e-01   1.44020268049000e-01   2.72014488568343e-02
-4.17884543045000e-01  -5.27108536570000e-02  -9.06969720879000e-01   2.19596063585037e-02
-6.31222745227000e-01  -6.77965073592000e-01  -3.76724308875000e-01   8.78680390983298e-03
 4.56245449200000e-03  -4.78127756771000e-01   8.78278447996000e-01   1.60959435258770e-02
 4.89326061048000e-01   2.03500897340000e-01   8.48025583790000e-01   2.88662347875094e-02
-4.45180869275000e-01  -3.41802223413000e-01   8.27638347167000e-01   1.61751622188840e-02
-5.99400546381000e-01  -5.67504946824000e-01   5.64497227920000e-01   1.63685653765101e-03
-7.33962328916000e-01   5.44081955907000e-01  -4.06539204737000e-01   4.37065506224562e-03
-7.85775382719000e-01  -5.98999729680000e-01  -1.54131021394000e-01   2.23414222757498e-02
 9.22581455475000e-01   1.16961036758000e-01   3.67645989906000e-01   4.42891443787067e-02
-1.04119294323000e-01   9.44593770240000e-02   9.90068986809000e-01   3.16918251358998e-04
-5.12616919424000e-01  -9.15409071510000e-02   8.53723700174000e-01   2.65864953361615e-02
-6.56028356128000e-01   7.54119905943000e-01   3.04953015400000e-02   1.38402608196964e-02
-8.83599074937000e-01   1.87580254633000e-01  -4.29029512788000e-01   2.22710065833116e-02
-3.65240534015000e-01   5.66839123610000e-02   9.29185819087000e-01   3.80943362107121e-02
-1.95935301647000e-01   8.16142354706000e-01   5.43618445625000e-01   1.69842261846633e-02
-5.45070385705000e-01   7.14465093520000e-01  -4.38677449579000e-01   3.69096354790229e-02
-2.02901730465000e-01   8.82258842974000e-01   4.24794328786000e-01   2.60725750342429e-02
 3.80234182501000e-01  -4.75976028971000e-01   7.93012475502000e-01   2.34388168688744e-02
 6.82382985660000e-02   6.43394543668000e-01  -7.62487374182000e-01   1.03929720915014e-02
 7.00393132257000e-01  -4.00614394215000e-01  -5.90726305013000e-01   2.87911073748418e-02
-8.72850502109000e-01  -3.11453523729000e-01  -3.75671004371000e-01   1.92832816717573e-03
-6.21111265166000e-01  -1.06568028682000e-01   7.76443205615000e-01   4.68974684306647e-03
-2.26834128660000e-01  -9.72473755274000e-01  -5.33017202170000e-02   2.08446453061495e-02
-8.47974705365000e-01   6.94615244030000e-02   5.25465503805000e-01   5.23080287588721e-03
-8.58235084403000e-01  -3.83386625148000e-01   3.41243660098000e-01  -1.61386876890552e-02
 5.70053556279000e-01  -8.43290794640000e-02  -8.17268345974000e-01   2.26325541121767e-02
-1.56431910917000e-01  -1.60224531109000e-01  -9.74606154751000e-01   6.20668324326110e-03
 7.94383118701000e-01  -5.02261406161000e-01   3.41597629681000e-01   3.36994810802680e-02
 1.69894725468000e-01   4.65476070189000e-01   8.68601065127000e-01   1.21598873758028e-02
-9.12405890653000e-01  -1.76652902883000e-01  -3.69200816095000e-01   2.26767133513432e-02
-5.05007740914000e-01   2.91870556264000e-01   8.12267665245000e-01  -1.89229113106687e-02
 3.53291519546000e-01   9.65118431200000e-03   9.35463498411000e-01   3.66041234443049e-03
-5.24992142930000e-02  -7.98118970646000e-01   6.00208248189000e-01   4.44634873934488e-03
 1.73603447389000e-01   7.92282713668000e-01   5.84935846634000e-01   1.42574440027418e-02
 2.33588201698000e-01  -9.68519638366000e-01  -8.60596428440000e-02   2.31017674772348e-02
 8.60238657725000e-01   1.68533223771000e-01   4.81233835303000e-01   1.14388291415879e-02
 1.65315679591000e-01   8.70618502592000e-01   4.63350999811000e-01   1.18419254271297e-02
 9.41178467635000e-01   3.35951338117000e-01  -3.63289206810000e-02   2.15089060667201e-02
 8.87544435820000e-01  -1.13605596518000e-01   4.46495960658000e-01   4.25481016561991e-02
 9.62890262823000e-01  -1.75210314242000e-01  -2.05289277712000e-01   2.19420092594841e-02
-1.56720555081000e-01  -9.78204673619000e-01   1.36214111329000e-01   2.71774278849573e-02
 9.35877580201000e-01   3.16900378886000e-01   1.53971766043000e-01   1.65293772788449e-02
 2.29577099066000e-01  -9.71442031549000e-01   5.99561083200000e-02   1.22087444805378e-02
 1.50044421625000e-01   9.67725519445000e-01   2.02469727502000e-01   1.65859680132827e-02
 7.25511674870000e-01   1.51571411798000e-01   6.71311341148000e-01  -1.03616216470812e-03
-5.11729860792000e-01  -7.45831696956000e-01   4.26459411187000e-01  -2.56134267046729e-03
-3.48789781598000e-01  -9.33909858894000e-01  -7.84733312280000e-02   1.56322556506987e-02
-3.59450815701000e-01   5.34365135678000e-01   7.65015694521000e-01   3.72905867292388e-02
-7.99677275090000e-01  -1.26194290290000e-01  -5.87018957789000e-01   2.81170309534422e-02
 8.92553198567000e-01  -1.04532808958000e-01  -4.38658955887000e-01   1.98224070152407e-02
 1.85128720721000e-01  -3.47557630860000e-01  -9.19201310919000e-01   1.37788457236968e-02
-9.02941002030000e-01  -4.28904615811000e-01  -2.71731004870000e-02   2.34621659513088e-02
 3.38731611000000e-01  -1.30948852014000e-01   9.31725975738000e-01   3.06118281527969e-02
-7.77632476545000e-01  -4.34990979425000e-01   4.53949974381000e-01  -1.50114949938284e-03
-3.12105326278000e-01  -7.02535061632000e-01  -6.39558247924000e-01   1.54455638728495e-02
 1.26463994808000e-01   9.24313076695000e-01  -3.60072484742000e-01   8.44405948799797e-03
 9.17039828935000e-01  -2.04545606514000e-01  -3.42343463502000e-01   7.98642128440505e-03
-5.04194030829000e-01  -6.68863446025000e-01   5.46269228356000e-01   1.21114852825372e-02
 7.70040490298000e-01  -2.72705424630000e-02  -6.37411923967000e-01   2.41678895052253e-02
 1.50392733720000e-01   1.96726881403000e-01   9.68855283196000e-01  -4.26070471627531e-03
-9.20278253143000e-01   2.26412335048000e-01   3.19100910888000e-01  -3.39202943970440e-02
 7.70753529256000e-01   6.33177894648000e-01  -7.08854771330000e-02   2.01767427191746e-02
-6.31755386770000e-02   5.92471255243000e-01   8.03110616928000e-01   1.37585565742423e-02
 1.75419300768000e-01   6.95166333974000e-01   6.97116803001000e-01   2.50385434655258e-02
-3.31233919366000e-01   1.73393151625000e-01  -9.27479868046000e-01   2.45686890497721e-02
-7.65587932236000e-01   3.31658728912000e-01   5.51250946078000e-01   4.91988347625314e-02
-8.62311048929000e-01   3.23684981686000e-01  -3.89419680455000e-01   2.36820987264748e-03
 9.48116751196000e-01  -7.65059249070000e-02  -3.08579762065000e-01   2.28288508509634e-02
-9.28857069449000e-01  -2.66232581924000e-01  -2.57574759742000e-01   3.28738135965769e-02
-5.78744079750000e-02   6.94887392781000e-01  -7.16785926379000e-01   1.85688975029544e-03
-9.54380127370000e-01  -2.98076598743000e-01  -1.75759427160000e-02   3.63625495965454e-02
 1.66132052938000e-01   7.80268044623000e-01  -6.02977544795000e-01   1.17708271179120e-02
 7.99542486490000e-02  -9.59360697908000e-01   2.70618494254000e-01   8.90939052947912e-03
 6.28016868130000e-02  -7.43755354527000e-01  -6.65495244721000e-01   1.03400649427914e-02
-8.34691401732000e-01  -3.07727529979000e-01   4.56720955471000e-01   5.91708209702035e-02
 4.57881971295000e-01  -8.14775845560000e-02   8.85271429324000e-01   1.23763665410218e-02
 5.92547609093000e-01  -4.72308071303000e-01   6.52543038229000e-01   2.11918836796278e-02
 6.72275421729000e-01  -3.00492310262000e-01  -6.76572338197000e-01   7.15041831791304e-03
 8.73873101781000e-01  -2.48624233461000e-01   4.17770023481000e-01   1.74101922492671e-02
-6.49946076770000e-02  -7.11879287770000e-01  -6.99287909674000e-01   2.02940323379702e-02
 5.61160000540000e-02   5.35293954914000e-01   8.42799724947000e-01   2.75090277892217e-02
 3.12434528477000e-01  -7.65471786445000e-01  -5.62527874485000e-01   1.60405662860157e-02
 1.58234445233000e-01   9.28760849306000e-01   3.35209106586000e-01   2.44746321521661e-02
-6.31802330982000e-01  -5.10418755424000e-01  -5.83351102405000e-01   2.56641519318957e-02
-8.67728217782000e-01   4.84892268717000e-01   1.09211848274000e-01   6.03052553931555e-02
-1.98783001573000e-01   8.17174117819000e-01  -5.41028446066000e-01   2.73253104796317e-03
-3.45571351397000e-01  -3.21852947166000e-01  -8.81470998669000e-01   2.07682271332681e-02
 2.97438949340000e-02   1.39341880682000e-01   9.89797525256000e-01   4.19195465744645e-02
-2.91195214926000e-01   6.39289430763000e-01   7.11698229953000e-01   1.80758158540156e-03
-2.23847983638000e-01   9.34169025455000e-01  -2.77885429813000e-01   3.45857175284060e-02
-7.50123182307000e-01  -6.60487413068000e-01  -3.27351270600000e-02   2.98619619189217e-02
 3.27864833597000e-01  -8.37091592016000e-01  -4.37929580488000e-01   1.90279818387767e-02
 9.73509273140000e-01   2.09568110465000e-01  -9.14379690660000e-02   2.84228170240341e-02
-8.06362504565000e-01  -5.26170140340000e-01  -2.70045356648000e-01   3.87549389169186e-03
-3.06333467850000e-01   7.50800587644000e-01  -5.85199354125000e-01   7.16441040590570e-03
 5.09819220033000e-01   7.93321306148000e-01   3.32754666528000e-01   9.31651518767662e-03
-8.04531908185000e-01   5.58028350655000e-01   2.03304620155000e-01   2.35904833755924e-02
-1.66335652140000e-02  -9.35111735582000e-01  -3.53962380043000e-01   1.99728005876934e-02
-5.31027953025000e-01  -2.24976897790000e-01   8.16942292067000e-01   2.16400426719584e-02
-8.34515680454000e-01  -5.50105067859000e-01  -3.11125921730000e-02  -3.39917098767269e-03
-1.98633322628000e-01  -2.99768780172000e-01   9.33104217961000e-01   1.05605875113003e-02
 3.99865081306000e-01   1.33151320558000e-01  -9.06850948384000e-01   2.16356010692589e-02
-4.85162179852000e-01   4.27754973970000e-02   8.73377304528000e-01  -5.85186751749197e-03
-3.15541332400000e-02  -1.35534570738000e-01   9.90270022171000e-01   4.25610745849634e-03
-1.76969381273000e-01   7.34953382375000e-01  -6.54618487233000e-01   4.18120142979925e-02
-5.19357901784000e-01  -7.69632331680000e-01  -3.71393920100000e-01   1.87565060692067e-02
 5.40883472887000e-01   5.49131330339000e-01   6.37102700354000e-01   1.24128203076835e-02
-3.74942397698000e-01  -5.67098972966000e-01   7.33360043409000e-01   4.61253409745241e-03
-4.31803640506000e-01  -6.05490609107000e-01  -6.68525794812000e-01   1.97013860193198e-02
 8.36626234339000e-01  -5.23297174443000e-01  -1.61915444708000e-01   2.42478962678082e-02
 9.19249448612000e-01   1.60167223257000e-01  -3.59620510846000e-01   1.89184118252797e-02
-6.67718318707000e-01   1.38560334892000e-01   7.31405004398000e-01  -1.24038968013490e-02
-9.62685922410000e-02   3.51564336872000e-01   9.31200770612000e-01   1.74887367563206e-02
-4.29126787375000e-01   7.46462112422000e-01  -5.08571052141000e-01   4.40455358579496e-05
-4.47754701347000e-01   8.93963922916000e-01   1.85534887900000e-02   1.93481060863831e-02
 6.48858916957000e-01  -7.29798315000000e-01   2.15352096133000e-01   1.80095289383886e-02
-5.98487615202000e-01   5.44712191568000e-01  -5.87453149456000e-01   8.32773203843287e-03
 3.02728174720000e-01   3.64556810298000e-01  -8.80598651087000e-01   2.78428498211751e-02
 2.70789753586000e-01  -2.45485082690000e-01  -9.30811465083000e-01   1.64800075126080e-02
 9.09050531565000e-01   4.11484965299000e-01   6.56296761660000e-02   1.86752367073410e-02
 5.07303015190000e-01   8.37529480374000e-01   2.02948319243000e-01   2.04376363275937e-02
 4.42047011922000e-01  -8.18392995762000e-01  -3.67188430835000e-01   1.25074727018270e-02
 5.14615989113000e-01   4.51439558786000e-01   7.28953159340000e-01   3.14010740182604e-02
 2.72678696615000e-01   8.01917477147000e-01  -5.31577546796000e-01   7.32465061199340e-03
-2.88000542964000e-01  -8.33907908796000e-01   4.70800687022000e-01   2.52225319764584e-03
-2.21857341831000e-01   5.40083839459000e-01   8.11842821136000e-01   1.12638646065823e-02
-3.12231501523000e-01  -6.07675156284000e-01  -7.30234478706000e-01   1.22937085124179e-02
-2.84619040787000e-01  -7.54897819614000e-01   5.90864860660000e-01   8.83299533598112e-03
 1.81328423673000e-01  -3.11866802011000e-01   9.32662372229000e-01   2.40124680157414e-02
 5.06539069540000e-01   7.31974763214000e-01   4.55665575886000e-01   2.28513942060697e-02
-6.56694312450000e-02   7.92925140539000e-01  -6.05769962363000e-01   7.66767985914023e-03
 8.82296862462000e-01   2.83973235520000e-02   4.69835969786000e-01  -1.28326379634334e-02
 6.22428955370000e-02  -8.43615277699000e-01   5.33328309007000e-01   3.21156140067302e-02
-1.57767053305000e-01  -9.47147052914000e-01   2.79324214934000e-01   7.47327929103645e-03
-7.06138170319000e-01  -1.68270149757000e-01  -6.87789241788000e-01   2.00105268325461e-02
 6.50656131056000e-01  -7.55311350416000e-01   7.84306257280000e-02   6.84665829483198e-03
-4.95447626756000e-01  -8.31286031669000e-01  -2.51982504738000e-01   7.11768891553890e-03
 4.41562057226000e-01  -2.17839887875000e-01   8.70384244382000e-01   5.10447349139410e-03
-3.84270280572000e-01  -5.07824202899000e-01  -7.71006439934000e-01   1.81187397456843e-02
 9.68582654382000e-01   2.43728957577000e-01   4.94351784570000e-02   6.97992314273185e-03
-6.44297851132000e-01   6.49923452744000e-01   4.03087812516000e-01   2.76631197266001e-02
 8.09652108831000e-01  -5.84551945091000e-01  -5.25593584010000e-02   2.09260635877462e-02
-8.46943275610000e-01  -2.19315079496000e-01  -4.84342837054000e-01   2.44681349610206e-02
-2.51528316600000e-01  -2.43666070980000e-01  -9.36675158100000e-01   2.09940275248752e-02
 2.94890243981000e-01   5.09814320094000e-01   8.08164032256000e-01   2.96631054881095e-02
 1.07374866752000e-01  -5.50725672274000e-01   8.27751092955000e-01   1.48167482414900e-02
-8.87765028994000e-01   5.14048227360000e-02  -4.57417530813000e-01   2.72453454653090e-02
-2.87354554487000e-01   5.48827848877000e-01  -7.84993854952000e-01   5.18128027267306e-02
 4.71321898246000e-01  -5.28312928688000e-01   7.06216055902000e-01   2.15601612487893e-02
 2.27531858416000e-01   9.31886213338000e-01  -2.82519625506000e-01   2.46746795785498e-02
-3.97701843220000e-02  -3.97649442598000e-01  -9.16675107789000e-01   8.78779734330203e-03
 8.15178838522000e-01   3.24667784728000e-01   4.79660599576000e-01   3.41457775079614e-02
 5.59243748552000e-01  -1.58491951463000e-01   8.13711700190000e-01   3.31369702957511e-02
-5.35116496074000e-01  -6.92517429269000e-01  -4.83807757056000e-01   2.34154959531530e-02
 5.02870330079000e-01   6.51028819020000e-01   5.68579728738000e-01   1.90644222846367e-02
-4.47143643112000e-01   2.17001570099000e-01  -8.67740099914000e-01   2.15319326505465e-03
 5.54578131732000e-01  -8.19006945519000e-01  -1.47209778873000e-01   9.45903151268409e-03
-8.09300675040000e-01   4.88234608753000e-01   3.26587483219000e-01   3.47064412898379e-02
-3.83959085480000e-01  -1.87762308977000e-01  -9.04057927350000e-01   8.40261518167395e-03
 5.22010527810000e-02   2.79625260034000e-01  -9.58689086221000e-01   1.39093953772963e-02
 1.76916230127000e-01   5.84807060607000e-01   7.91644711586000e-01   8.89020718765817e-03
 6.94731381840000e-02  -9.11470085712000e-01   4.05457477330000e-01   1.08095021394398e-02
 8.26906742075000e-01   5.38824767030000e-01  -1.60913362857000e-01   2.00787428670373e-02
 2.17275346720000e-01  -9.55087536502000e-01   2.01492484540000e-01   1.05220700972569e-02
 3.39412667300000e-01  -8.90767828950000e-01  -3.02211376661000e-01   1.96004085373995e-02
 4.86267276815000e-01   8.71201816874000e-01  -6.74650263020000e-02   1.35086872508752e-02
-6.50678328548000e-01   7.06755877395000e-01   2.77693792739000e-01   2.33823985473171e-02
 6.45442700191000e-01  -7.35090792519000e-01  -2.07473486316000e-01   1.67645584379750e-02
-3.90260142316000e-01  -6.71029800982000e-01   6.30409412615000e-01   4.94672715312557e-03
 3.40414411035000e-01  -9.31306401382000e-01   1.29562400043000e-01   2.78919911306791e-02
-1.69928608444000e-01  -8.95147111201000e-01   4.12111535073000e-01   1.20280527393137e-02
 1.71485963749000e-01   1.89674422269000e-01  -9.66755490170000e-01   2.51662780558061e-02
-5.02726016830000e-02   5.85013431228000e-01  -8.09463989812000e-01   4.34470170488100e-02
 7.02415804757000e-01   6.93907306554000e-01   1.58444586967000e-01   2.19790769685431e-02
-7.02373842050000e-02   3.41107850933000e-01  -9.37396471026000e-01   2.13181169199514e-03
-2.11345568920000e-01   9.31923432880000e-01   2.94706236357000e-01   5.60430880441941e-03
 1.16364937509000e-01  -9.93177728066000e-01  -7.56318667500000e-03   1.45841953664817e-02
-7.65322694230000e-02   8.72793955649000e-01   4.82051369378000e-01   7.07362740002798e-03
 3.67721497880000e-01   9.23639562765000e-01  -1.08031745758000e-01   1.87412113590704e-02
 7.30309797003000e-01  -1.61963865283000e-01  -6.63637933473000e-01   2.33667766290099e-02
