 0.00000000000000e+00   0.00000000000000e+00   1.00000000000000e+00   6.95993072892357e-02
 9.06653824031000e-01   0.00000000000000e+00  -4.21875388439000e-01   2.21875176934159e-02
 8.12258192859000e-01   3.22195744625000e-01  -4.86237113226000e-01   3.24220357564583e-03
-8.70658274220000e-01   1.97966268520000e-02   4.91489840279000e-01   2.30818059068020e-02
-7.91062258327000e-01   6.09533777118000e-01   5.18563207700000e-02   3.28595741521190e-02
 1.13482439910000e-01  -9.50442038825000e-01   2.89450629065000e-01   3.29017512542578e-03
 9.58379928357000e-01   3.40691153070000e-02   2.83455831313000e-01  -1.56264467683427e-02
 5.00708984547000e-01  -8.65398207716000e-01   1.94024450830000e-02  -9.94746029937914e-03
-7.85229090657000e-01   1.76412321346000e-01   5.93543568800000e-01   6.11118424542047e-02
-1.72695603617000e-01   9.84971690302000e-01  -2.64533450000000e-03  -1.18867969134767e-03
-8.25074504339000e-01  -1.17275062423000e-01  -5.52719297676000e-01   3.78035775255183e-02
 8.21372296872000e-01  -3.99050034664000e-01   4.07561798709000e-01  -1.28508911979002e-03
-6.47809259994000e-01   6.68049093935000e-01   3.66133269124000e-01   1.83658105127753e-02
-4.07781385322000e-01  -6.10761247087000e-01  -6.78737829240000e-01  -3.61048070539724e-03
-9.04690933466000e-01  -4.23492824716000e-01  -4.67775835130000e-02  -3.13511866082779e-02
-2.31287275932000e-01  -5.47816319602000e-01  -8.03992211386000e-01   3.01754200407626e-02
-9.82931142062000e-01   1.64851121917000e-01   8.16729916650000e-02   2.53829507459252e-02
-3.18783889572000e-01   1.59331168502000e-01  -9.34339558455000e-01   4.71770757543660e-03
 3.63771454449000e-01   8.29503578102000e-01  -4.23785491544000e-01  -1.01082808011147e-02
 9.00515033245000e-01   3.99369994449000e-01  -1.71977563752000e-01  -2.23527064219392e-02
-3.82844380760000e-01  -2.72896623978000e-01   8.82585753761000e-01  -3.35673933658228e-02
-9.48008352197000e-01  -3.16542246780000e-01   3.28811521760000e-02   3.48092101454032e-02
 7.66554726687000e-01  -1.08086700662000e-01  -6.33017469058000e-01   4.53485090370741e-02
 4.48187703582000e-01   4.95239128668000e-01   7.44221732949000e-01  -1.04949042399338e-02
 1.02015858748000e-01   8.97656275749000e-01  -4.28725990782000e-01   5.03968138091361e-02
-9.12762851477000e-01   4.02347561650000e-01   7.05720667020000e-02   2.92983237126930e-02
-3.39147021180000e-02  -2.60821278726000e-01   9.64791196863000e-01   3.84363343056911e-02
-9.23498980725000e-01   2.75927822908000e-01   2.66483525091000e-01   3.13115747470704e-02
-4.63198177447000e-01   8.12778425066000e-01   3.53325176229000e-01   1.24448913038318e-02
-3.59208041488000e-01  -2.39062914736000e-01  -9.02118897778000e-01  -1.84225655452310e-02
 1.47056089331000e-01  -7.68912167012000e-01  -6.22212653368000e-01   2.24134446986401e-02
 7.34867819042000e-01  -6.77524753820000e-01  -3.04876449840000e-02   6.25177122783281e-02
-6.09683809210000e-01   7.56791406981000e-01  -2.35695606890000e-01   2.26610458247931e-02
-8.92189676828000e-01   2.45119793397000e-01  -3.79359812640000e-01   3.33631117761661e-02
 9.01187149688000e-01   1.32234119423000e-01  -4.12766106769000e-01  -2.34922846530561e-02
 9.95620982410000e-01  -5.48340238240000e-02  -7.57105621140000e-02  -8.42376370717399e-03
-9.28732353790000e-01   1.52166947682000e-01   3.38084952427000e-01   1.85037659030473e-03
 9.59750807344000e-01  -9.49988526800000e-02   2.64298327258000e-01   4.18815970627802e-02
-5.27130206982000e-01   8.33451488161000e-01  -1.65808207785000e-01   1.74500221487330e-02
 9.34644457654000e-01  -2.36993861065000e-01   2.65091772025000e-01   1.33194522818958e-02
 7.30954055397000e-01  -6.51570031472000e-01   2.02885837322000e-01   5.96098734090434e-02
-3.13404507533000e-01  -8.36800470046000e-01  -4.48934948505000e-01   1.99084320559850e-02
-6.77394137207000e-01  -6.82639455245000e-01  -2.74117779470000e-01  -2.03897681701765e-02
-9.72861133260000e-01  -2.02935402386000e-01   1.11168511052000e-01   3.55982179658041e-02
 7.50516210170000e-02   4.14307155548000e-01  -9.07037394513000e-01   4.13803718079647e-02
 5.67017276483000e-01  -7.01307376762000e-01   4.32040937260000e-01   1.77762859575025e-02
 4.66740680032000e-01  -7.11824880844000e-01   5.24841382338000e-01   1.82928175730114e-02
 4.83938547517000e-01   8.73777760960000e-01   4.81238680860000e-02   2.01421943455459e-02
 1.30407386794000e-01  -8.32510551236000e-01   5.38442286184000e-01   3.70292534846755e-02
 3.13746637130000e-02   4.62813834930000e-02  -9.98435608349000e-01   2.88034322475799e-02
-4.62867641986000e-01  -5.10933105923000e-01  -7.24362414316000e-01   5.07502177802202e-02
 8.36171707906000e-01   1.95662998870000e-01  -5.12379611002000e-01   1.45968527016062e-02
-7.20455802685000e-01   9.08436866080000e-02   6.87525171162000e-01   2.40777673073074e-02
-8.09096924002000e-01   3.70325370508000e-01   4.56312708050000e-01   5.41254219140953e-02
 1.27002767639000e-01   8.13992671912000e-01   5.66821159702000e-01   1.14704478893016e-02
-7.76500065099000e-01  -6.26308277025000e-01   6.91779663760000e-02   2.40965794945061e-02
 8.61826199128000e-01  -1.76697429720000e-01   4.75429932616000e-01   9.42808759125294e-03
-8.64573863906000e-01  -3.89985249708000e-01  -3.16896732171000e-01   2.10733901547296e-02
 3.27324825550000e-02   9.93664548912000e-01  -1.07514412155000e-01   5.57479781994873e-04
 1.74324204913000e-01   9.30139763762000e-01  -3.23188940791000e-01  -1.12902559402382e-02
-6.99148678893000e-01  -5.46497005402000e-01  -4.61012090827000e-01  -2.35501897101381e-02
 5.63396475659000e-01  -5.30358314642000e-01  -6.33485966148000e-01   3.68079115691366e-02
-1.21897628827000e-01  -9.43785977887000e-01   3.07260469358000e-01  -2.08468930472302e-03
-9.40470884399000e-01  -1.72139685843000e-01  -2.93057066380000e-01   2.60466247129461e-02
-8.93724084821000e-01  -9.76869677340000e-02   4.37852162888000e-01   5.78590974349045e-03
 5.04955757288000e-01   1.27014542165000e-01  -8.53748785803000e-01   1.47450309757714e-02
-1.93694800599000e-01   8.74265792310000e-01   4.45131046566000e-01  -3.88077014757282e-03
 8.44701046880000e-01  -6.04772550560000e-02  -5.31810721048000e-01  -3.00760060862327e-02
 9.74484625909000e-01   2.15873383359000e-01  -6.14686605120000e-02  -1.96391708469336e-02
-3.63606501461000e-01  -6.27284690610000e-01   6.88697487306000e-01  -2.48400398780855e-02
-3.77631729087000e-01   6.74609287150000e-01  -6.34268544764000e-01   2.62972769412153e-02
 4.05923102863000e-01   3.93693152764000e-01   8.24761866255000e-01   1.58156462101883e-02
 4.78434985917000e-01   5.92763181954000e-01   6.47867096225000e-01   3.59462248251599e-02
-1.50813047682000e-01  -6.38410131459000e-01  -7.54776740964000e-01   2.34306966606794e-03
 9.44497361620000e-01   1.74609629423000e-01   2.78273626500000e-01   2.64805014722561e-02
-2.74368136498000e-01   4.18083597235000e-01  -8.65983967171000e-01   9.08710400465686e-03
-6.07747399457000e-01   5.75828273837000e-01  -5.46868263390000e-01   3.24665667497811e-02
 6.11600963993000e-01   7.75060034307000e-01  -1.58827592259000e-01   5.93326402849256e-02
-4.30895294089000e-01  -8.17991482976000e-01   3.81076343152000e-01   2.76323937340940e-02
-8.93372806547000e-01  -4.10214788842000e-01  -1.83327181667000e-01   5.50301039872669e-02
-6.53025201014000e-01   5.28479609879000e-01   5.42464182027000e-01   3.45568756465169e-02
-4.66549429420000e-01  -2.84968284321000e-01  -8.37331897660000e-01   3.12554367354834e-02
 2.44330331294000e-01   6.64427549404000e-01  -7.06285155446000e-01   1.53423227789026e-02
-7.53132257094000e-01  -1.92851266271000e-01  -6.28967560708000e-01  -1.91308019988860e-02
 6.92228427382000e-01   6.23845947196000e-01  -3.62816811204000e-01  -1.92132844926131e-04
 8.24859802185000e-01  -4.78139625533000e-01   3.01643506867000e-01   5.71513866792003e-02
-5.16546331840000e-02   3.77442926591000e-01  -9.24591064221000e-01  -2.77664216088015e-02
 4.21042583830000e-01   7.48057273112000e-01   5.12965358233000e-01   3.17120324533490e-02
-8.45375594400000e-02   4.20914133864000e-01   9.03152641007000e-01   6.29603768794912e-02
 8.33773718439000e-01   5.51102727769000e-01   3.32741624490000e-02  -1.00473135043562e-02
 9.50077667258000e-01   6.34497126770000e-02  -3.05493960888000e-01   5.61531059677116e-02
-5.44067799605000e-01   5.13757594915000e-01  -6.63357643433000e-01   7.73394022909132e-03
 3.05418760296000e-01  -2.94081870638000e-01   9.05668390870000e-01   3.42161103576083e-02
 4.35809961878000e-01   8.96466810422000e-01  -8.01057734470000e-02   4.49093234932265e-02
 4.42811401417000e-01  -8.47664794122000e-01   2.92202771343000e-01   2.21227888831606e-02
-8.73443419072000e-01   1.41296386679000e-01   4.65974167515000e-01   3.49606187645752e-02
-8.68041547489000e-01   3.70590489312000e-01  -3.30403633552000e-01   9.92575024812813e-03
 4.52181738195000e-01  -2.67258170593000e-01  -8.50943444592000e-01   3.60196074347927e-03
 9.48333676823000e-01  -6.82238658220000e-02  -3.09852773969000e-01  -2.35233694867573e-02
 1.43021186370000e-02  -7.97271983236000e-01   6.03450771935000e-01   8.99662112532824e-03
-2.09029513047000e-01  -7.17209272887000e-01  -6.64768773003000e-01   1.58573917010315e-02
-8.06120368517000e-01   6.37975348600000e-03  -5.91717204590000e-01  -5.26085031122653e-03
 6.57078341251000e-01   7.53474537489000e-01  -2.28948643880000e-02   1.11913347094377e-02
-1.84714305434000e-01  -9.72529966580000e-01  -1.41654825093000e-01   2.13752420868138e-02
-8.99769627957000e-01  -4.27144765034000e-01   8.92298509990000e-02   3.79498899243436e-02
-4.00697023099000e-01   2.19796358318000e-01   8.89455708032000e-01   3.35478947961784e-02
-6.86433222244000e-01  -3.76534464944000e-01   6.22118339313000e-01  -1.46396168037974e-02
-4.99396116704000e-01   5.08012091293000e-01   7.01802845336000e-01   3.95587708715773e-02
-2.16549757030000e-02  -6.25838260456000e-01  -7.79652187695000e-01   9.95286469674291e-03
-1.08642692112000e-01   9.87811391340000e-01  -1.11469370629000e-01   2.83373026946430e-02
 6.74292892042000e-01   4.61417113562000e-01   5.76561655900000e-01   4.71863033795971e-02
 4.56692275534000e-01  -7.19314709810000e-02   8.86711919932000e-01   7.45581393717683e-03
 9.21819331050000e-01  -3.84434810687000e-01   4.95882771800000e-02  -1.18798102071217e-02
 8.83867226510000e-02   5.68048673967000e-01   8.18234985358000e-01   4.81685947681108e-02
-5.78509943373000e-01  -5.63245534603000e-01   5.89983655000000e-01   1.89501446934168e-03
 6.89263880708000e-01   7.16029833269000e-01   1.10528641631000e-01  -8.56609731510147e-03
 4.94550500904000e-01  -7.29303886998000e-01  -4.72795560962000e-01   2.08588826560144e-02
 1.86175883822000e-01   4.82259173730000e-01   8.56016722755000e-01   3.26187434835510e-03
 1.07870898332000e-01  -2.19433037468000e-01   9.69645817482000e-01   4.62037139215800e-02
-5.83549202354000e-01  -7.92254247149000e-01   1.78335460035000e-01   5.14093222991811e-02
 2.35955291717000e-01   8.71495804622000e-01  -4.29907156066000e-01   2.69424519760731e-02
-8.23125548372000e-01  -8.19815993130000e-02   5.61910445705000e-01   3.05468468687303e-02
-1.75022651538000e-01   6.79964176555000e-01   7.12050412577000e-01  -6.86063433273530e-03
 7.53429731871000e-01   2.82327486831000e-01  -5.93830640261000e-01   2.10447643465060e-02
-2.12003157772000e-01   7.78114542690000e-02  -9.74166330089000e-01   2.98329557247391e-02
-9.25550021009000e-01  -2.93803139396000e-01  -2.38823939110000e-01  -2.98881949620643e-02
-7.80854003521000e-01  -6.21098200258000e-01  -6.71122255750000e-02  -2.64003422361729e-02
 1.71044831278000e-01  -8.91713540067000e-01  -4.19035354301000e-01   1.78966828065947e-02
 2.57296931293000e-01  -9.16125844248000e-01  -3.07427595782000e-01  -2.96381534806495e-03
 5.32725053832000e-01  -3.41124693613000e-01  -7.74492066084000e-01   3.44579323672967e-02
 7.49930492008000e-01  -5.07966299713000e-01   4.23762310161000e-01   1.00428312507797e-03
-5.54996221344000e-01  -6.57740644335000e-01   5.09270496969000e-01  -2.21319607503213e-03
-9.33038568010000e-01  -3.18255382691000e-01   1.67787192580000e-01  -1.40978434105276e-02
 8.74629773551000e-01   4.79793842884000e-01  -6.94307392220000e-02   7.60748101582457e-02
 9.89226415930000e-02  -9.94314979794000e-01   3.93958365420000e-02  -5.06233751749360e-03
-1.06436723936000e-01   5.88739357208000e-01  -8.01284714114000e-01  -4.13467089192406e-02
 1.11613049082000e-01  -2.87353498706000e-01  -9.51299371416000e-01  -2.86146703724414e-03
-6.69845466775000e-01  -3.82068912707000e-01  -6.36655634220000e-01  -2.10793168955365e-02
 6.89338695787000e-01  -3.05089622460000e-02  -7.23796494681000e-01  -1.62426773697123e-02
 9.35442312376000e-01   1.94450366555000e-01  -2.95189320882000e-01   1.17113168593158e-02
 2.30705074609000e-01  -5.89423803299000e-01   7.74180049249000e-01  -8.83314415363211e-04
-8.44893587674000e-01  -5.19871016356000e-01  -1.26051385792000e-01   2.50698968608743e-02
 7.47744769883000e-01  -5.84099898799000e-01   3.15761092181000e-01  -1.27830906973199e-03
 1.63094790674000e-01  -9.83817020827000e-01  -7.41900181100000e-02   2.18532649019445e-02
 9.01556426829000e-01  -3.93063951801000e-01  -1.80822396394000e-01   4.08112094512101e-03
-5.12653488584000e-01  -8.58577367319000e-01  -5.59508455900000e-03   5.23229909286073e-02
-8.32053966732000e-01  -2.36118724189000e-01  -5.01930418019000e-01   1.70410270815279e-02
-2.72504147150000e-02  -5.06185360298000e-01   8.61994081139000e-01  -1.83268849437358e-02
 5.55143192336000e-01  -4.24574428561000e-01   7.15229047659000e-01   1.31668428297197e-02
-6.89295099550000e-01  -7.13338391089000e-01   1.26572530728000e-01  -1.99699557453610e-02
 7.49954987791000e-01  -4.36789332296000e-01  -4.96772176636000e-01  -1.12378712977573e-02
-2.71565528693000e-01  -4.79224658006000e-01   8.34623202880000e-01  -3.25222772811079e-02
 2.78203861031000e-01   3.87650946221000e-01   8.78822709994000e-01  -3.48118895372422e-03
-9.12710160286000e-01   4.03979770709000e-01  -6.13229823790000e-02  -1.27386027394923e-04
 2.15246283319000e-01  -8.32480697670000e-02   9.73005034107000e-01   2.80759894285635e-02
-3.06537281290000e-01   9.26747327721000e-01  -2.17196422026000e-01   1.29187168974128e-02
 1.27360793829000e-01   6.60056366090000e-01   7.40341017221000e-01   8.60972280825136e-03
 3.85128975013000e-01   6.84312050665000e-01   6.19187120279000e-01  -6.28323027930239e-04
-1.77535035621000e-01   6.64006908316000e-01  -7.26344365185000e-01   4.59187640487040e-02
-1.02441847153000e-01  -8.97580187062000e-01   4.28783716745000e-01   1.61175830282658e-02
 7.90175203646000e-01   5.56905873660000e-01   2.55888638719000e-01   2.22737429167040e-03
-1.75088749840000e-01  -8.57049092697000e-01  -4.84572783374000e-01   6.70408073648910e-03
-2.91261119932000e-01  -6.25057772066000e-01  -7.24202831806000e-01   1.95387565522389e-02
 2.89697727255000e-01   9.46668245354000e-01   1.41047722639000e-01   2.79367082701894e-02
 5.77807720428000e-01   4.58039283038000e-01  -6.75528129250000e-01   7.30257662217063e-02
-9.70604794876000e-01   1.67102478584000e-01  -1.73214011602000e-01   1.79349048067969e-02
 3.55270406602000e-01  -7.89043464106000e-01   5.01191929250000e-01   3.49491025600972e-02
-8.59559220255000e-01   8.48726249640000e-02  -5.03939068149000e-01   2.39345790136414e-02
 2.03756754200000e-02   6.18942969451000e-01  -7.85171594250000e-01   6.38790417123627e-02
 5.53422483008000e-01   8.31070136832000e-01  -5.51904246020000e-02  -1.25603967034875e-02
 5.28775197932000e-01  -8.24449403868000e-01   2.01692762671000e-01  -7.72135526483576e-03
-5.18572755949000e-01   1.77577655334000e-01   8.36390144080000e-01  -3.80504163854338e-02
 3.75787458137000e-01   9.04517833913000e-01  -2.01572008077000e-01  -8.29522246901064e-03
-7.48470161507000e-01   5.63259802247000e-01  -3.50044015099000e-01   1.54514675851911e-02
-7.04519181337000e-01   5.61637714542000e-01   4.33838450038000e-01   2.77366910048459e-02
-4.84375536353000e-01   6.86302308965000e-01   5.42558273821000e-01   2.93736407911376e-02
-2.52070925762000e-01  -9.21669489740000e-02   9.63309660443000e-01  -4.30285760868464e-02
-5.29531890572000e-01   1.87335885233000e-01  -8.27345902856000e-01  -4.48270093689174e-04
-4.68666762270000e-01  -8.46580524142000e-01   2.52295228032000e-01   3.22748827590213e-02
-8.39488193328000e-01  -2.00053317619000e-01   5.05211087936000e-01   2.81956087601796e-02
-2.51045916732000e-01   5.78475052516000e-01   7.76107313010000e-01   1.42503638804223e-02
 4.76191549336000e-01   5.35287146298000e-01  -6.97645525571000e-01  -6.41737074325608e-02
 2.14754972419000e-01  -4.78703847481000e-01   8.51306600602000e-01   9.84947618121995e-03
-1.36712693105000e-01   3.02870517601000e-01   9.43175004499000e-01  -3.53968463532480e-02
-2.47994072642000e-01  -4.41108823263000e-01  -8.62509099067000e-01  -1.31541518181116e-02
 6.83434932023000e-01   2.35670001418000e-01  -6.90924268007000e-01   4.00459009693406e-02
 7.25173571590000e-02   8.81282647589000e-01   4.66992642308000e-01   3.76064530320180e-02
-2.52568006322000e-01  -3.12862614616000e-01  -9.15601652772000e-01   1.55506122385588e-02
-9.68503697131000e-01  -1.93256983326000e-01  -1.57010595307000e-01   4.14668727627642e-02
 6.23556084713000e-01   4.31111128620000e-02   7.80589034745000e-01   9.97724302784187e-03
-6.84687303821000e-01   6.88044997460000e-01   2.40410851368000e-01   3.00685213651500e-02
-8.39751458940000e-02   1.25404192450000e-01  -9.88545377506000e-01   8.87455117169478e-03
-3.61315566681000e-01  -8.71455177543000e-01  -3.31688008237000e-01  -1.08229609840066e-02
 4.58725925498000e-01  -7.86433701154000e-01   4.13633362973000e-01   3.10250023618570e-03
-4.17551314193000e-01   2.40900818567000e-01  -8.76137943265000e-01   2.99249851408030e-02
 3.94280953541000e-01   4.81364372780000e-02   9.17728398319000e-01   1.50340066243325e-02
 9.46446140249000e-01   2.70437753291000e-01  -1.76360781363000e-01   6.75364025054169e-02
 9.39467915300000e-02  -8.47745973922000e-01  -5.22016057283000e-01   1.57948017894136e-02
-4.70875026657000e-01  -6.69618117359000e-01  -5.74359022020000e-01   5.39831335421753e-02
-2.35025067047000e-01  -8.97778007473000e-01   3.72502170675000e-01   2.95421619573631e-02
-3.53595050983000e-01  -5.02525805938000e-01  -7.88947624552000e-01   1.09789480559050e-02
-6.32710779915000e-01   1.29731407829000e-01  -7.63444058725000e-01   1.89141191533987e-02
-2.69396314546000e-01  -9.29593166158000e-01  -2.51559478336000e-01   1.64958268177292e-02
 6.20997363430000e-02   2.95364827026000e-01  -9.53364170557000e-01   3.67871050733908e-02
-8.24550819229000e-01  -5.02126829344000e-01  -2.60738554419000e-01  -3.20818113958000e-02
 4.48603367040000e-02   7.44106562917000e-01   6.66553053564000e-01   3.28032271815207e-02
 7.66066617321000e-01  -5.09202577601000e-01  -3.92243129692000e-01   4.44122858331820e-02
 1.18018880005000e-01  -6.59729596404000e-01   7.42178148150000e-01   3.66024027262262e-03
 9.85885039257000e-01   1.58495619856000e-01   5.39428202470000e-02   1.65971612307067e-02
-8.27488092155000e-01   4.96510905109000e-01   2.62183863824000e-01   4.31717286117854e-02
 8.82823066021000e-01  -4.36261366414000e-01   1.74067384296000e-01   4.69096086390511e-03
 3.41883028818000e-01  -9.20655620958000e-01  -1.88438908415000e-01   2.07035337081047e-02
-9.90690261732000e-01   3.93015962530000e-02   1.30338750346000e-01   1.35548411594008e-02
 5.58660833070000e-02   4.51673148947000e-01   8.90432674185000e-01  -8.34856169695132e-03
 9.35236724625000e-01   3.49049584154000e-01  -5.91325351560000e-02   1.28013388251823e-02
-7.44351531165000e-01  -4.22400555420000e-02   6.66450730182000e-01   5.46752382104524e-02
-2.45782209361000e-01   9.10368618373000e-01  -3.32896506806000e-01   2.70464937906653e-02
 8.42494619273000e-01  -4.54894469654000e-01  -2.88572067211000e-01  -1.81115127404326e-02
-3.51735562507000e-01   4.98941449782000e-01  -7.92047677705000e-01   1.24179816801760e-02
-4.01381103672000e-01  -8.92034186459000e-01  -2.07769631571000e-01   5.31600165893742e-02
-6.83074912588000e-01   6.67791480527000e-01  -2.95741783197000e-01  -2.63854052430848e-03
 6.02369815510000e-01   1.81122881936000e-01  -7.77396364156000e-01  -2.14945691803296e-02
 3.57049633730000e-02   9.90936408834000e-01   1.29499765395000e-01   3.46444263221140e-04
 6.94738058841000e-01  -6.16696970209000e-01  -3.70167362867000e-01  -8.21801098740867e-03
-3.24530894600000e-02   5.33812918391000e-01   8.44979624099000e-01  -1.64474149879572e-03
 8.30380361577000e-01  -3.85963560740000e-01  -4.01871353653000e-01   2.54677606149572e-02
 5.66800088837000e-01  -5.28473006194000e-01   6.32023687071000e-01   3.40639371808981e-02
-3.31986957230000e-01  -8.19191071434000e-01   4.67665103157000e-01   3.36051399664653e-02
 9.87525114900000e-02  -9.82215719564000e-01   1.59687888443000e-01   2.90381226914612e-02
 2.43012857405000e-01   9.46735766864000e-01  -2.11272664763000e-01   2.58116445695861e-02
-2.41484490378000e-01  -1.83590937265000e-01  -9.52879640175000e-01   4.49160016226167e-02
 2.73664825233000e-01   2.11988902900000e-02  -9.61591477958000e-01   2.15045537584429e-02
 5.27148189517000e-01   6.81711618919000e-01  -5.07330321309000e-01  -1.74400286951313e-02
-7.07160410599000e-01   6.88235842552000e-01  -1.62035732812000e-01   2.63492295859140e-02
 1.10539532807000e-01   9.61281843521000e-01   2.52424699670000e-01   4.65054121041791e-02
-1.79501785794000e-01   9.59624840426000e-01  -2.16562403327000e-01  -3.44963956065234e-03
-9.15852685119000e-01   8.48773477320000e-02  -3.92440689789000e-01   6.28411623009738e-03
-1.59192582728000e-01  -9.85484027991000e-01   5.89826430330000e-02   1.90579939623292e-02
 1.95670201339000e-01  -3.53855575444000e-01   9.14603413527000e-01   3.23171129002902e-02
 3.34608577933000e-01  -7.32133050220000e-02   9.39508867197000e-01   2.21324264017186e-02
 7.50310772048000e-01   6.61028978536000e-01   8.62756541800000e-03   5.49298326772796e-02
 7.05658393675000e-01  -1.92050734256000e-01   6.82028406232000e-01   2.46639647592510e-02
-4.51909282906000e-01  -2.42302686550000e-02  -8.91734766679000e-01  -9.88036288146010e-03
-5.60533364037000e-01  -8.16170185430000e-02  -8.24100121396000e-01   2.54346643059400e-02
-7.47455079115000e-01   3.15221154530000e-01   5.84761941683000e-01   2.48706417679624e-02
 8.13866214721000e-01  -5.48750765924000e-01   1.91035026720000e-01  -1.42353757875531e-02
 4.17632586384000e-01  -3.98781657636000e-01  -8.16428938931000e-01   2.18260990053625e-02
 3.20091215887000e-01   4.94086910885000e-01   8.08343824127000e-01   3.92698482771242e-02
 8.31301577033000e-01   5.21674236939000e-01  -1.91816783771000e-01  -2.79507084990882e-02
 8.03389159067000e-01   6.03432424560000e-02   5.92388852177000e-01   2.29495463206423e-02
 8.40465274105000e-01  -5.15297520390000e-01  -1.67590538230000e-01   5.84968201480269e-02
-3.78469691453000e-01   5.47843910088000e-01   7.46074890899000e-01  -1.01965413900629e-02
 6.35417913332000e-01  -7.43672439812000e-01   2.07834977037000e-01   1.68840668739136e-02
 1.05026573698000e-01  -5.58517665769000e-01   8.22816769300000e-01   3.30085630296971e-02
-9.48568201639000e-01   2.83795246741000e-01   1.40280521690000e-01  -6.05846768422320e-04
-6.55887926397000e-01   6.27002597764000e-01  -4.20331738517000e-01   3.39476507327654e-02
 1.91070990695000e-01   3.51270456084000e-01  -9.16570206366000e-01  -4.22351886530040e-02
-3.33292032050000e-01   8.52698740770000e-01   4.02270156562000e-01   2.47188696291187e-02
 2.14099343460000e-01  -3.70190962804000e-01  -9.03946968682000e-01   2.65066399619972e-02
-4.66290382358000e-01  -4.03710648137000e-01  -7.87141024151000e-01  -2.54027114558575e-02
-2.29709719578000e-01  -7.78029819554000e-01   5.84724759708000e-01   5.19570415391707e-03
-4.36865692273000e-01   1.08644072689000e-01  -8.92941673563000e-01   1.71100452986177e-02
-7.39148621939000e-01  -6.86600201260000e-02  -6.70033668051000e-01   2.84640064236967e-02
 6.35631163420000e-02  -7.04533516975000e-01  -7.06818402208000e-01   1.66351116139910e-02
 1.62904936892000e-01   9.16416294976000e-01   3.65572367443000e-01   5.68938310896288e-03
 1.00499677300000e-01   9.94858124341000e-01   1.25350426930000e-02   3.76166478980426e-02
-6.42814038804000e-01  -6.52652362941000e-01  -4.01042397588000e-01   5.11555664470433e-02
 1.35892485230000e-01   3.05817548390000e-02   9.90251477519000e-01  -1.86247198513139e-02
-3.85201512114000e-01  -3.99900394602000e-01   8.31684717584000e-01  -5.28894157189202e-03
-3.74661673976000e-01   8.64817552685000e-01  -3.34244267896000e-01   6.44172914829889e-03
 7.89524809689000e-01  -1.88722101917000e-01   5.83981629107000e-01   2.22516354577792e-02
 6.31736687285000e-01  -7.74925068249000e-01  -1.99974132790000e-02   1.01484257708919e-02
-2.64395621145000e-01  -9.64291249824000e-01  -1.54058765530000e-02   3.63460874991458e-02
-8.30190959346000e-01   4.85107888512000e-01  -2.74687654481000e-01   1.98965788795203e-03
 5.05408237331000e-01  -7.97848871239000e-01  -3.28633066352000e-01   3.02470030584023e-02
 6.04054547185000e-01  -4.07685203830000e-01  -6.84770675922000e-01  -7.22252121588189e-03
 6.08522207591000e-01  -1.94093867925000e-01   7.69433748481000e-01   6.12042446011909e-03
 1.65066651731000e-01   9.76743744087000e-01   1.36838075381000e-01  -4.96888455079861e-03
-6.07241822315000e-01  -7.92710050364000e-01   5.35550677690000e-02   6.95123102962826e-03
 6.55440545582000e-01  -4.23173635228000e-01   6.25557164178000e-01   1.04390354600174e-02
-7.23603368449000e-01  -6.02848283902000e-01   3.36113242473000e-01  -1.32889622068606e-02
 6.64812202590000e-01  -6.08814622613000e-01   4.32861976361000e-01   5.01322621305373e-02
 1.59415464674000e-01   8.29200116108000e-01  -5.35736760984000e-01  -1.44027850656298e-02
-8.59472313009000e-01   5.11166769682000e-01  -3.98456308400000e-03   2.54666774000143e-02
-8.23840344035000e-01   3.35686428884000e-01  -4.56729360785000e-01   1.41710136339072e-03
 8.47548854159000e-01   6.79555621730000e-02  -5.26348726021000e-01   5.12111483161597e-02
 5.61333210458000e-01   1.62681560799000e-01   8.11442996527000e-01   1.62041343668972e-02
 4.45458818267000e-01   6.51516023573000e-01  -6.14079239395000e-01   1.15452478563266e-02
-8.48326277738000e-01  -5.29366448346000e-01   1.06625449400000e-02   4.68741371748193e-02
 4.22554851697000e-01   8.20129006866000e-01   3.85792443424000e-01   8.83565465905965e-03
 9.72424248955000e-01  -1.75473477376000e-01   1.53623366653000e-01  -1.14227431846837e-02
 8.19973463557000e-01  -5.70594316603000e-01  -4.54493665930000e-02  -8.94641929843539e-03
 7.78158967071000e-01   5.35363569109000e-01  -3.28412044294000e-01  -2.12040241684153e-02
-2.29861262127000e-01   9.67036006517000e-01   1.09568071410000e-01   2.44659854463423e-02
 5.89071410080000e-01  -8.40843053410000e-02  -8.03694409227000e-01   2.07747387234066e-02
-9.93935286769000e-01  -7.89211634560000e-02  -7.65773835750000e-02   2.50333104429950e-02
 4.98746923244000e-01   4.03857122244000e-01  -7.66909989091000e-01  -1.14362980055060e-02
-5.36026022527000e-01   7.30894567466000e-01   4.22456192312000e-01   2.72841776289733e-02
-9.69001989530000e-02   9.88095691335000e-01   1.19487473021000e-01   2.71197006883199e-02
-1.43869905834000e-01  -3.91278308928000e-01  -9.08956949012000e-01   4.48342904551226e-02
 8.60184244620000e-02   5.27522653855000e-01  -8.45174940662000e-01  -8.97016847366866e-02
-5.75848866407000e-01   7.30879729986000e-01  -3.66350792756000e-01   2.49011625192735e-02
-8.87937983372000e-01  -2.72825795292000e-01  -3.70313682043000e-01   5.15247140189933e-02
 4.08395217370000e-02  -9.10386904079000e-01  -4.11737560038000e-01   5.09406865523217e-03
-6.81446416779000e-01  -2.60682057706000e-01   6.83868149463000e-01   6.41961625790359e-02
 5.53380114617000e-01   5.80027125894000e-01  -5.97778371953000e-01   6.52469456069786e-02
 8.54473795654000e-01   4.96174196751000e-01   1.53901588748000e-01   6.34927148441098e-02
 5.61334285927000e-01   4.92022581717000e-01   6.65445413631000e-01   2.46671086431711e-02
-7.75057955390000e-01   5.92549886069000e-01  -2.19476190751000e-01   2.86615784541099e-02
 4.94955234223000e-01  -5.92239970800000e-03  -8.68898291687000e-01  -9.95555157402219e-03
 8.87817729740000e-01  -3.63398161272000e-01   2.82349880722000e-01  -9.92105359929089e-03
-7.85365514545000e-01   4.77386100728000e-01   3.94085675197000e-01   6.65850643425001e-03
 8.16209837902000e-01   2.91282947122000e-01   4.98954652476000e-01   1.77407940297441e-02
-5.35207920189000e-01  -5.67017573139000e-01  -6.26133814706000e-01  -1.75882713720337e-02
-4.31673081769000e-01   6.23905694729000e-01   6.51459925522000e-01   1.37451356247080e-02
-8.26253731779000e-01   2.52418054753000e-01   5.03577100706000e-01  -2.99979881457598e-02
-1.60101014711000e-01   9.59385293477000e-01   2.32266062411000e-01  -4.06434012169776e-04
 9.73284130548000e-01   1.37989033754000e-01  -1.83513018032000e-01  -1.47339274914918e-02
-4.70597279553000e-01   4.47916577258000e-01  -7.60203223023000e-01   2.05092771077091e-02
 9.02870223639000e-01   4.27192527634000e-01   4.82897877440000e-02  -3.00648175614667e-02
 6.38964212222000e-01  -3.12022735183000e-01   7.03112045287000e-01   2.11243752369495e-02
 3.62357410012000e-01   9.31699902702000e-01   2.51475389460000e-02  -1.41502085428299e-02
-4.26620957955000e-01   5.66675990888000e-01  -7.04892104924000e-01   2.62055721373717e-02
-1.31187443278000e-01  -2.62415192321000e-01  -9.55995879471000e-01  -1.40259207045873e-02
-3.61255099129000e-01   7.24924624217000e-01   5.86497265601000e-01   5.38132061353592e-03
-5.54028434797000e-01   6.80564413642000e-01  -4.79462795554000e-01  -7.05031904761766e-03
 4.12052393173000e-01   7.47150410984000e-01  -5.21516144186000e-01   5.43837531153413e-02
-7.70861374730000e-01   2.77728202545000e-01  -5.73271128228000e-01   2.47887871773830e-02
 6.16835565360000e-01   6.44011290614000e-01   4.52507837356000e-01   4.67148319426518e-02
-9.25586655767000e-01   2.86256755460000e-02   3.77451868940000e-01   8.98368048917511e-03
-5.81845729155000e-01   3.94035254778000e-01  -7.11471549295000e-01   1.45702760161496e-02
-4.32985859130000e-01   4.30656153449000e-01   7.91870269230000e-01   2.30742237787549e-02
-2.46024233196000e-01  -9.37776389495000e-01   2.45045954846000e-01   3.08371005844034e-02
 1.64626182196000e-01   6.03229459658000e-01  -7.80392490441000e-01   8.21005627790749e-02
-3.91768072663000e-01   9.14670737786000e-01  -9.94747137740000e-02   1.53953246935778e-03
 8.44871894798000e-01  -6.69116473230000e-02   5.30767663703000e-01   2.79132851317978e-02
 8.87820218941000e-01   2.39764955046000e-01   3.92795144027000e-01  -1.00533168970611e-02
-4.10946243420000e-02  -8.60300233712000e-01  -5.08128664539000e-01   3.40525144186362e-02
 8.78125051263000e-01  -2.82747630181000e-01   3.85940632704000e-01   4.33846860273533e-02
-8.35776183372000e-01  -5.29098408140000e-01   1.46741425006000e-01  -2.12722778979698e-02
-2.41150003235000e-01  -6.89893807276000e-01   6.82563704442000e-01   3.78739362771958e-02
 3.35842792497000e-01  -6.40323661030000e-01  -6.90793187468000e-01   3.64123564001032e-03
-5.91280194288000e-01  -3.46432442461000e-01   7.28266637059000e-01  -5.60366737033198e-03
 6.57440681795000e-01  -6.80779433634000e-01   3.22972309435000e-01  -1.19166183519055e-02
-1.27667310963000e-01  -4.59809368080000e-02   9.90750630160000e-01   1.59470266805138e-02
 7.71008969765000e-01   1.50821187549000e-01  -6.18706827123000e-01  -9.96039929102991e-03
-3.14316984390000e-01   1.31983289241000e-01   9.40098529243000e-01  -4.48470107880644e-02
-3.93838621800000e-02   9.00905406947000e-01  -4.32224894162000e-01   2.26690533819187e-02
-5.00111525355000e-01   8.11110379234000e-01  -3.03295919699000e-01   5.25726328149551e-03
-6.25575220032000e-01   1.34761858550000e-01   7.68436650325000e-01   5.67902046697086e-02
 2.42325698853000e-01  -6.88210182401000e-01   6.83845743216000e-01   4.37298755615166e-02
-5.77671506157000e-01   7.60698067537000e-01   2.96030540687000e-01   3.54109508402301e-03
-9.90855893458000e-01   4.38641076110000e-02  -1.27595213326000e-01   1.96024219413178e-02
 3.59360773467000e-01  -1.89330423543000e-01  -9.13790908914000e-01   2.17178482657759e-02
 1.29037018238000e-01  -7.50751948083000e-01   6.47858750325000e-01   5.04213821376451e-03
 2.98373977653000e-01  -4.52112719454000e-01  -8.40575432883000e-01   1.33595090428699e-02
 9.54045149780000e-01   2.94668974202000e-01   5.44797928140000e-02   5.09018073855615e-02
 6.13712746799000e-01   7.60648023598000e-01   2.11592175215000e-01   1.10932880776981e-02
-5.26863546538000e-01   8.48836528162000e-01  -4.34896744970000e-02   1.59196156723038e-02
 5.36517347912000e-01  -3.11079466038000e-01   7.84460770975000e-01   1.72036771859348e-02
-3.83171680684000e-01  -9.22167454454000e-01   5.27887210280000e-02   3.06195043622564e-02
-6.70972406103000e-01  -1.33224484702000e-01   7.29415702411000e-01   1.36193855609311e-02
-5.71115449113000e-01  -7.46068330397000e-01  -3.42358277484000e-01   1.04917323386946e-02
 3.23140379012000e-01  -4.08375316160000e-01   8.53703635112000e-01  -6.73590378885512e-03
-3.81508102717000e-01   8.80754266006000e-01   2.80577066905000e-01   7.87052247498383e-03
 4.44571217049000e-01   1.66774641262000e-01   8.80081048542000e-01   2.90110465647620e-02
 8.10717992203000e-01  -3.00126516373000e-01   5.02653370912000e-01   8.70095487198000e-03
-1.21957961303000e-01   7.60769113639000e-01  -6.37461066582000e-01  -2.11616093875737e-02
-1.12023497821000e-01   9.37861473869000e-01  -3.28430497623000e-01   3.43922224781108e-02
-1.18492736070000e-02  -6.13308504344000e-01   7.89754565175000e-01   2.08214649996980e-02
 4.60677309610000e-02   1.27464976655000e-01   9.90772649951000e-01   5.70808061414976e-03
-6.11793004591000e-01  -7.87082574483000e-01  -7.88057134890000e-02  -1.14197878014679e-02
 2.32898741774000e-01   9.72336714233000e-01   1.78742897460000e-02   2.94454015182851e-02
 7.44558236480000e-01  -4.15456522116000e-01   5.22521684450000e-01   3.92207035653154e-02
 3.01523791579000e-01   2.82261234452000e-01  -9.10720593068000e-01   7.68461690314211e-02
 3.63754683683000e-01   2.81997443100000e-01   8.87783741788000e-01   4.28236430879926e-02
 3.40601374133000e-01  -5.16091778460000e-01   7.85900744461000e-01   4.28050862526198e-02
-9.40214589258000e-01   1.63577312486000e-01  -2.98728955722000e-01   9.12760225408277e-03
 7.08925507691000e-01  -3.56351504358000e-01  -6.08636369179000e-01   3.70533524248659e-02
 7.27597000757000e-01   5.17711626348000e-01  -4.50085854515000e-01   5.73433529835096e-02
 4.25007732885000e-01  -3.05365083081000e-01   8.52127099101000e-01   7.96278877486064e-03
 4.06150031115000e-01   2.07059161792000e-01  -8.90038569807000e-01  -1.70395618315614e-02
-4.60569147220000e-02   2.16776650619000e-01   9.75134167360000e-01   6.96574655006785e-02
-1.84487874716000e-01   1.77468099659000e-01   9.66679521706000e-01   2.72692683870973e-02
 9.14410076360000e-01   3.69539247960000e-01   1.65211853290000e-01   2.86170840146338e-02
-2.43758829866000e-01   9.12308660423000e-01   3.29050970183000e-01   1.94305894199673e-02
 1.78085088048000e-01   2.26139742651000e-01  -9.57677669265000e-01   2.48225156560804e-02
 3.20272396790000e-01  -9.38576798464000e-01   1.28449154297000e-01   1.39005214666045e-03
 7.30384069475000e-01  -3.09428551431000e-01   6.08927813962000e-01   5.83430877501665e-03
 5.10140046231000e-01   2.63312454325000e-01  -8.18794042863000e-01   6.31721394723354e-02
-1.73302260177000e-01   4.98223577033000e-01   8.49552584544000e-01  -2.13754459847294e-02
 5.70809593160000e-01  -6.21236348274000e-01   5.36881558577000e-01  -6.31581934052211e-03
 2.25663117935000e-01  -9.72779873588000e-01   5.26827746540000e-02   2.97751820522270e-02
 9.17245393302000e-01  -3.48336799060000e-02   3.96796551408000e-01   3.24642212347350e-02
-5.47728864908000e-01   5.28026385930000e-02  -8.34988007042000e-01   3.54432096266778e-02
-6.68902731601000e-01  -2.65164784117000e-01  -6.94447098720000e-01   2.59101785614739e-02
-7.04895582734000e-01   2.08234211062000e-01  -6.78056583764000e-01   3.72188109635883e-03
 7.07418447373000e-01   6.65843804719000e-01   2.37088945405000e-01   4.84547399730690e-02
 6.44753630055000e-01  -2.84948950198000e-01  -7.09293206165000e-01   2.69585057083555e-02
-5.11284227371000e-01  -8.47480773682000e-01  -1.42705210419000e-01   4.67662052379359e-03
 4.17256172998000e-01  -8.08990100743000e-01  -4.14043841875000e-01   1.42277140842830e-03
-2.15499255062000e-01   8.10982780514000e-01  -5.43936577900000e-01   4.08400090500078e-02
-1.02906510397000e-01  -9.93617296202000e-01  -4.62051816010000e-02   4.19453693074319e-05
 2.40319355592000e-01  -8.52720460595000e-01   4.63804294299000e-01   7.75481554882755e-03
-3.46949285364000e-01  -2.49827170100000e-03   9.37880563837000e-01   2.23144531856400e-02
-9.23500320460000e-02  -9.14911609718000e-01  -3.92948111058000e-01   9.33465305280468e-03
-3.39373599840000e-01  -7.06176813335000e-01  -6.21401535273000e-01   1.77696546964019e-02
-4.13790786854000e-01   7.77025499441000e-01   4.74350669792000e-01   6.15898640242917e-03
 3.05946772540000e-01   9.47327586209000e-01  -9.46943334140000e-02   2.60273809612175e-02
-2.99320829037000e-01   2.89783062754000e-01  -9.09083504331000e-01   1.28198109422849e-02
 3.34519398576000e-01  -3.20860644982000e-01  -8.86084205072000e-01   1.24954536640989e-02
 6.91638811209000e-01  -7.16717065904000e-01   8.91762427570000e-02  -1.90773335034655e-02
-4.89983143609000e-01  -4.35413092989000e-01   7.55203255709000e-01  -1.55015947003767e-02
 6.70432501575000e-01   3.73946155497000e-01  -6.40846731770000e-01  -4.78289729300944e-03
-6.82030003850000e-01   3.39262022579000e-01  -6.47870630515000e-01   1.01006075356486e-02
 4.99685657830000e-01   8.46306354172000e-01  -1.84607145712000e-01   3.58626815641699e-03
 9.30603645706000e-01  -1.99276450403000e-01  -3.07027280405000e-01   1.76542939306709e-02
 4.23748982131000e-01  -6.88837653992000e-01  -5.88166206599000e-01   2.98141256016233e-02
-1.15276801999000e-01  -7.49054304333000e-01   6.52402412688000e-01   1.07954012782096e-02
 8.51252005243000e-01   4.37759329283000e-01  -2.89373103788000e-01   9.27710663637809e-02
-6.29412509907000e-01  -6.76107393366000e-01   3.83038751314000e-01   2.78536770600190e-02
-9.99097464033000e-01   4.24348510530000e-02   1.88169598400000e-03   8.34688564114778e-03
-6.23086312759000e-01   7.81407897825000e-01   3.41342067320000e-02   3.00542496544759e-02
 2.16152486301000e-01  -9.55511336797000e-01   2.00689282020000e-01   1.46317195544136e-02
 5.24058454666000e-01   7.37721216005000e-01   4.25593871607000e-01   9.95895936295082e-04
-2.69481562418000e-01  -2.28179134425000e-01   9.35582155735000e-01   7.88673634121379e-03
-6.48582006226000e-01  -7.55282271200000e-03  -7.61107309168000e-01  -1.00905448450905e-02
-5.90012369156000e-01  -4.59616257781000e-01   6.63805920301000e-01   6.00001775498789e-02
 5.52468345187000e-01   7.82079601648000e-01  -2.88323124727000e-01   1.13284505682498e-03
-7.42309053997000e-01   4.03729359356000e-01  -5.34770860040000e-01   2.17146578733940e-02
 5.09541927596000e-01   8.40494796201000e-01   1.84215964511000e-01  -6.54229476904845e-03
-3.46843004610000e-02   9.99383818439000e-01   5.38356237500000e-03   1.79432763202306e-02
-4.90062251617000e-01  -8.26351842505000e-01  -2.77455621548000e-01  -1.21283924195845e-02
-7.56927761243000e-01  -3.11095901243000e-01  -5.74699664598000e-01   5.29591484312079e-02
 6.50865403480000e-01   5.00839146558000e-01  -5.70556198658000e-01  -3.85868439875001e-02
-6.98236314260000e-02  -7.20254421546000e-01  -6.90187096908000e-01   3.14583235333742e-02
-7.76164888912000e-01   6.03300632585000e-01   1.83293240310000e-01   1.51301823608792e-02
-2.28733886877000e-01   7.50620152585000e-01   6.19879178170000e-01   1.02067379398566e-02
 1.23088925371000e-01  -6.11429434853000e-01  -7.81666912851000e-01   8.40311776048843e-03
 3.08151195041000e-01   4.10586798985000e-01  -8.58173246783000e-01  -1.55768076778123e-02
-8.52003810430000e-01   5.07160276655000e-01   1.29915206176000e-01  -8.68444670636044e-03
-1.15908098421000e-01  -1.33310460451000e-01  -9.84273150022000e-01   2.64592875746737e-02
 4.66771123195000e-01  -6.24892555961000e-01   6.25806689047000e-01   3.59423229008997e-02
-2.22725180787000e-01   4.39596913410000e-02   9.73889644354000e-01   7.08090442926353e-02
-1.39768013691000e-01   8.19217580057000e-01   5.56190128350000e-01   2.45946152988455e-02
-3.59625308302000e-01  -3.73819092654000e-01  -8.54943813122000e-01   4.96926172399484e-02
-5.22887449529000e-01  -7.41605230186000e-01   4.20250398794000e-01   3.67551628599182e-02
 4.84279418315000e-01   2.81938779316000e-01   8.28241492389000e-01  -1.39782463541549e-02
-1.00126055062000e-01  -3.67400774900000e-03  -9.94967976753000e-01   2.32618584323247e-02
 2.96807410146000e-01  -8.57417148564000e-01  -4.20405987862000e-01   2.76874521082599e-02
-3.97681389115000e-01   9.06647993438000e-01   1.40850732148000e-01   1.03071606528270e-02
 1.27308397760000e-02  -7.90648547590000e-01  -6.12137892890000e-01   4.51843996579129e-03
 1.76812430064000e-01   7.39101456711000e-01   6.49974154304000e-01   1.24693349875943e-02
 9.66746005025000e-01  -2.52289416498000e-01   4.18594325330000e-02   6.29848454876154e-05
 3.45154629307000e-01  -8.56753921726000e-01   3.83198381358000e-01   9.56897068571569e-03
 1.29344617718000e-01  -1.59648711543000e-01  -9.78663506406000e-01   2.87825004855551e-02
-4.81540339183000e-01  -5.47835406882000e-01   6.84101797034000e-01  -6.15781698618327e-03
 2.33761098360000e-01  -9.12982479623000e-01   3.34393093223000e-01   2.82264032202073e-02
-3.46773524198000e-01  -8.82107320771000e-01   3.18802129161000e-01  -1.55792947587552e-02
 5.30746376100000e-03   3.36779960475000e-01   9.41568419740000e-01   2.35359141604814e-03
-4.26910061590000e-02  -3.89972812873000e-01   9.19836226300000e-01   5.07128723181824e-02
 6.57680974102000e-01   7.06260499615000e-01  -2.62014967106000e-01  -1.39623396979466e-02
 4.98464267277000e-01  -1.92130417036000e-01   8.45351570116000e-01   2.13499206859315e-02
 6.00154041064000e-01  -7.21057476440000e-01  -3.46253148237000e-01  -8.20112498306095e-03
-4.31289312331000e-01  -7.44504774736000e-01   5.09609820808000e-01  -1.61138930762677e-02
-9.29104980170000e-02   8.99064258220000e-02   9.91607015886000e-01  -4.21001459170606e-02
-7.06611830499000e-01   6.99141245292000e-01   1.09092805126000e-01   1.58269569663019e-03
-2.57476908939000e-01  -5.89969176350000e-01   7.65272508536000e-01   1.77053398539528e-02
 1.70875679152000e-01   9.80013479821000e-01  -1.01858144711000e-01  -1.01870772078348e-02
-4.87331992973000e-01  -8.64919878018000e-01   1.20088022858000e-01  -2.44391192929891e-02
 4.35177463626000e-01   8.46311427187000e-01  -3.07209282681000e-01   4.30246513357519e-02
-8.39242571200000e-03   6.58012534244000e-01   7.52960206099000e-01  -7.83751191171987e-03
-9.47474956573000e-01  -2.06792572181000e-01   2.43983685434000e-01   1.70842668204733e-02
 5.99130757307000e-01  -6.59196295281000e-01  -4.54425549389000e-01   4.28864646259758e-02
-8.48085963629000e-01   2.06843629637000e-01  -4.87817497815000e-01   9.34637511791253e-03
-5.50285157346000e-01   3.88727317035000e-01   7.38970445008000e-01  -1.66567734575418e-02
 6.93112893735000e-01   1.00594950273000e-01  -7.13775295536000e-01   3.19881510632613e-02
 4.52961393906000e-01  -5.88682584752000e-01  -6.69536249982000e-01   2.19929683776308e-02
-7.41248412220000e-01  -5.81956563287000e-01  -3.34480716676000e-01   1.78339692152112e-02
 9.46183390362000e-01  -2.63044883274000e-01  -1.88532175466000e-01  -1.80019912630645e-02
-6.80370034496000e-01  -4.84009907384000e-01   5.50300850185000e-01   8.49543000396190e-03
 1.99574674484000e-01   4.73479503299000e-01  -8.57896910625000e-01   1.00988640620646e-01
 8.96184439103000e-01  -3.28559436986000e-01  -2.98164631500000e-01   5.28828996223828e-02
-8.83159943683000e-01  -3.47910224950000e-02  -4.67779968178000e-01   2.03848677325221e-02
-5.68187479659000e-01  -2.12693406004000e-01  -7.94936791828000e-01  -1.88901340374870e-02
 3.58281215965000e-01  -7.08037475353000e-01   6.08537183566000e-01   4.11246880040773e-04
 5.94960887552000e-01   3.22719701773000e-01  -7.36120599067000e-01   3.93514063351257e-03
-7.01842268179000e-01  -7.12295552079000e-01  -7.24410699300000e-03   5.50989593379664e-02
 2.91264109352000e-01  -9.54164333695000e-01  -6.88160076370000e-02  -1.24579225123511e-03
 1.74403054777000e-01  -4.98401261026000e-01  -8.49223031654000e-01  -3.55200595061326e-04
 6.32205165470000e-01   6.04866744257000e-01  -4.84203315194000e-01   8.53971766877164e-03
-5.25960880754000e-01  -7.13757427787000e-01  -4.62509984968000e-01  -1.34449395279113e-02
-8.97862146579000e-01  -3.19665293401000e-01   3.02750170825000e-01   3.64540552571501e-02
 7.75853301734000e-01   2.03576965800000e-02  -6.30584822509000e-01   2.11202843803272e-02
 6.68263766545000e-01  -7.31703793426000e-01  -1.34287367274000e-01  -9.12349881647270e-03
 4.24944843000000e-02  -5.34316441639000e-01  -8.44215706439000e-01   3.51353709249579e-02
-1.43876625485000e-01  -5.51478651144000e-01   8.21687783754000e-01   4.53176171447695e-02
 5.86575758881000e-01  -7.79068004990000e-01  -2.21318599975000e-01   2.07007054707377e-02
-6.48871297426000e-01   4.62644184427000e-01  -6.04091382154000e-01   2.11266533395253e-02
-4.24712314202000e-01   8.79400266263000e-01  -2.15115368724000e-01   2.83952121804828e-02
 7.62177945780000e-01  -6.29143002738000e-01  -1.52524952291000e-01  -8.38953850957902e-03
-7.46441101630000e-01   5.88079692356000e-01   3.11428895957000e-01  -3.76672208801423e-05
 6.19841129574000e-01   7.09865634918000e-01   3.34496269712000e-01  -2.69789750334891e-04
 1.46431165720000e-01  -3.06227904830000e-02  -9.88746761516000e-01   7.37147500505370e-03
 2.55614699738000e-01  -5.74462253551000e-01  -7.77595167502000e-01   3.27667566727936e-02
 5.84634722150000e-01  -8.06069662050000e-01   9.19453184140000e-02   4.58539608484138e-02
-5.73288182984000e-01  -3.34692910526000e-01  -7.47877874318000e-01   4.34091585620368e-02
 9.72525701223000e-01  -1.30119541835000e-01  -1.93035399069000e-01   5.96936421899020e-02
 9.09429458901000e-01   3.07129687009000e-01   2.80373705331000e-01   3.33826356408654e-02
 7.96980389013000e-01  -3.13486086369000e-01  -5.16283578262000e-01   3.25692221518220e-02
-1.40340602412000e-01  -9.51962177171000e-01  -2.72162687653000e-01   1.10414229684900e-02
-5.46793909257000e-01   5.80815590255000e-01   6.03050305461000e-01   5.44036369697088e-03
-8.19800222784000e-01  -3.55803950260000e-01  -4.48699391244000e-01  -2.49911334517474e-02
 2.45508220788000e-01  -7.76750064197000e-01   5.79987113042000e-01   3.82951491179446e-03
 6.95069046217000e-01   2.64841701859000e-01   6.68384540476000e-01   2.23604232193451e-02
-8.96582776522000e-01   3.98137482917000e-01  -1.93973888811000e-01   2.94820690114262e-02
-3.49119927129000e-01  -1.05775363487000e-01  -9.31089066073000e-01   2.32245538415369e-02
 7.83562409936000e-01  -6.16217930922000e-01   7.94066202920000e-02   2.58437839411761e-04
-3.43091372757000e-01  -7.26424096155000e-01   5.95479926164000e-01   2.52360583289851e-02
-7.92914118950000e-01   4.53451680322000e-01  -4.07024291145000e-01   3.67123927803861e-02
-8.62196638917000e-01   3.84357955792000e-01   3.29978662431000e-01  -1.34123967555730e-02
-3.57949517349000e-01   3.46973616585000e-01   8.66880298786000e-01  -3.08116790289313e-02
 9.17085015473000e-01  -1.55513394510000e-01   3.67111234537000e-01  -5.75142483712949e-03
 8.73174540607000e-01   4.55692186680000e-02   4.85272776844000e-01  -7.46224847309473e-03
-1.51362733523000e-01  -1.81574777449000e-01   9.71658336605000e-01   7.56406070484572e-02
-8.04868034582000e-01   5.42642414950000e-02   5.90967714011000e-01  -2.83924088937462e-02
-2.75969876920000e-02  -1.37347987664000e-01   9.90138342130000e-01  -3.93135607885400e-02
-2.66668064920000e-02  -9.96093415209000e-01   8.41830719810000e-02   1.79228368908174e-02
-7.05980826882000e-01   5.19411687420000e-01  -4.81458794755000e-01  -8.53421750321263e-03
-6.61343569137000e-01  -5.84065952524000e-01   4.70628990461000e-01   2.92716140443962e-02
 9.57114296972000e-01   2.36393611333000e-01   1.67482187271000e-01  -1.95415352659523e-02
 3.77468563423000e-01  -5.25327362784000e-01  -7.62593368407000e-01   1.26120112814765e-02
 8.71753803508000e-01  -2.59677415545000e-01  -4.15467141811000e-01  -2.38884578810795e-02
-7.14876353744000e-01   6.98841441655000e-01  -2.39256824840000e-02   1.71776502733871e-02
 2.83802769462000e-01   5.45469777609000e-01  -7.88618228144000e-01  -7.92625940394975e-02
-6.43126670089000e-01  -5.01991699150000e-01  -5.78266737938000e-01   5.14516343608640e-02
-7.68515022135000e-01  -4.01464016808000e-01   4.98208093031000e-01   3.07077030915713e-02
 1.27240626695000e-01  -9.44335834519000e-01  -3.03380379329000e-01   2.70869931684005e-02
 3.65805395690000e-02   8.45864544239000e-01  -5.32141933063000e-01  -1.11961630851036e-02
-5.71949104606000e-01  -4.48956296065000e-01  -6.86522006904000e-01   1.73288572667367e-02
-9.78783824980000e-01  -8.60108365580000e-02   1.85968706918000e-01  -2.15354758857421e-03
 3.25731399275000e-01   8.18709658338000e-01   4.72877945003000e-01   6.99899213801553e-03
-3.35315855037000e-01   2.71807285360000e-02  -9.41713589876000e-01   3.29341686048632e-02
-5.99553096720000e-01  -7.71619271271000e-01  -2.12461253916000e-01   5.51027419152903e-02
-9.45032814489000e-01  -9.12577842510000e-02   3.13982477778000e-01   2.71076482171483e-02
-4.46416750836000e-01   7.89150511852000e-01  -4.21845415071000e-01   2.45899995901416e-02
 2.94461875064000e-01   8.83658121758000e-01   3.63923794200000e-01   3.25955868964936e-02
 1.52016278490000e-02  -8.05945799820000e-02  -9.96631037139000e-01   1.12188562558979e-04
-9.37179076922000e-01  -4.64954085700000e-02  -3.45736250286000e-01   2.66626347847457e-02
 5.95144116345000e-01   2.75895703488000e-01   7.54774828393000e-01   3.09390044342355e-02
-8.82427657124000e-01   2.64872226127000e-01   3.88798320172000e-01   2.65819834906971e-02
 2.03014348968000e-01  -6.79369796648000e-01  -7.05153780048000e-01   1.56042694070195e-02
-1.05460953000000e-03  -2.06564216151000e-01  -9.78432477182000e-01   2.49022918270429e-02
-5.59826304631000e-01  -7.71366684910000e-01   3.02635004675000e-01  -2.26992766575795e-02
-6.64642886232000e-01  -7.02354792009000e-01   2.54848150717000e-01   2.93231798929144e-02
-9.26629020619000e-01   2.83553075206000e-01  -2.46893320460000e-01   9.47129719708448e-03
 3.76087849184000e-01  -1.86267627313000e-01   9.07668607318000e-01   1.70910886136321e-02
-8.32470285130000e-02   7.46279429538000e-01   6.60406651460000e-01   2.97538391819908e-02
 4.11986718329000e-01   3.40247247054000e-01  -8.45280281795000e-01  -8.55029250467436e-03
-4.81203494155000e-01  -1.82787947917000e-01   8.57339934512000e-01   5.56275536404963e-03
-9.64565953605000e-01   1.59624908939000e-01   2.10077151524000e-01   1.44049686767440e-02
 2.25805733220000e-01  -8.19399735979000e-01  -5.26873650434000e-01   1.13911295731073e-02
 6.75339105376000e-01  -7.24446682600000e-02   7.33940639828000e-01   1.64537710895102e-02
-7.38001259873000e-01  -4.31121443974000e-01  -5.19122760983000e-01   1.69505510012450e-02
 2.27499540163000e-01   5.83119667758000e-01   7.79881665575000e-01   3.14009799283014e-03
-7.57418037217000e-01  -6.20333781970000e-01   2.03725098712000e-01   3.70904756815789e-02
-9.95109094130000e-01  -8.18823573670000e-02   5.52555004620000e-02   2.76558786037420e-02
 5.94245715925000e-01   7.03165408700000e-01  -3.90423407486000e-01   5.49284796532796e-02
 6.73275927105000e-01  -1.59039286349000e-01  -7.22084504319000e-01   3.18854946059158e-02
-4.94499881257000e-01   8.40426700751000e-01   2.21704370958000e-01   3.27627381587705e-02
-2.12709913501000e-01  -8.48496959294000e-01   4.84569296145000e-01   2.98790329273659e-03
-1.76670172612000e-01   3.35342032202000e-01  -9.25382824321000e-01   3.93094597311847e-02
 8.04319768110000e-02  -9.79714660041000e-01  -1.83548037329000e-01  -5.70013081772232e-03
 5.70337410229000e-01  -7.52918022940000e-02   8.17952555470000e-01   2.35872896231674e-02
-6.59440393416000e-01  -1.41520479648000e-01  -7.38315868292000e-01   3.57222418937650e-02
 7.37699671867000e-01   4.15290513157000e-01  -5.32290319102000e-01   4.46900673041381e-02
-6.10296765906000e-01   2.65360133922000e-01  -7.46405959817000e-01   2.97139792431195e-02
 9.43066452215000e-01  -3.25115778800000e-01  -7.01811732660000e-02   6.11138419295243e-02
-2.59120675961000e-01  -7.87504161207000e-01  -5.59190192485000e-01   2.65414142602043e-02
-1.70929228660000e-02  -3.29644304995000e-01  -9.43950456418000e-01   2.95101569276997e-02
 3.19982822167000e-01   1.63998698466000e-01   9.33121332100000e-01  -5.88684182164204e-03
-4.36287368746000e-01   8.74636431450000e-02   8.95546449382000e-01   6.27934864020089e-02
 5.66988845891000e-01  -2.13311193507000e-01  -7.95626786477000e-01  -5.31807768887935e-03
-6.97186398888000e-01  -7.02747414907000e-01  -1.41694022628000e-01   9.91624376176295e-03
 7.44260459499000e-01  -2.33955910420000e-01  -6.25572538084000e-01  -2.38844477411249e-02
-5.23050547282000e-01   8.46858730063000e-01   9.61686867130000e-02   7.62861883813630e-04
-6.09429847441000e-01   7.74663386325000e-01   1.68795435177000e-01   1.56388482404637e-02
 1.46990029759000e-01   3.65646694093000e-01   9.19073678358000e-01   5.77794287198480e-02
-3.07505955343000e-01   4.66906370696000e-01   8.29119128010000e-01   4.73437180045747e-02
 9.98761012725000e-01   2.39068717150000e-02   4.36451709290000e-02  -1.53496110184635e-02
-2.27536481901000e-01  -5.30153412290000e-02  -9.72325317473000e-01  -1.49948616838882e-02
-5.98151428250000e-02   8.83931711122000e-01   4.63774599090000e-01   2.28716185370342e-02
 1.54501642880000e-02  -8.73796263897000e-01   4.86046686670000e-01  -8.82531542524675e-05
 8.89715995730000e-01  -4.52582419098000e-01  -5.97879658950000e-02  -6.43616810421543e-03
 3.82071556565000e-01  -8.72751603021000e-01  -3.03851880180000e-01   2.60839831595312e-02
 7.10396139455000e-01   6.92359099096000e-01  -1.26397005291000e-01  -1.70339801822902e-02
-9.75038598595000e-01  -7.35640277920000e-02  -2.09494785294000e-01  -6.73285845800634e-03
-2.73797349979000e-01   2.62237039626000e-01   9.25346824814000e-01   5.47522644731416e-02
-1.08229460285000e-01   9.30231732602000e-01   3.50649836143000e-01   3.34391623826803e-02
-5.93999876632000e-01  -6.15146406495000e-01  -5.18419757664000e-01   1.73957696472885e-02
 5.90782678389000e-01   8.02750387963000e-01   8.10409867910000e-02   4.11049981153010e-02
-7.03949156100000e-03   8.21570054086000e-01   5.70064111998000e-01  -6.24571724391186e-03
-4.49407740124000e-01   7.20914488916000e-01  -5.27555667951000e-01   3.22163480025425e-02
 7.78057139779000e-01   6.13473861020000e-01   1.35192119167000e-01  -4.68226535080583e-04
-9.66002101955000e-01   3.44253964270000e-02   2.56231986877000e-01   2.73232523529421e-02
-8.32580051728000e-01  -4.17795116985000e-01   3.63672514344000e-01  -3.03373581272746e-03
 7.38369940485000e-01   3.41220693940000e-01   5.81702904424000e-01   2.93358299766207e-02
 4.30144578790000e-01  -8.97785745486000e-01  -9.46382403630000e-02   2.40108446073279e-02
-4.12688982067000e-01  -9.08323898148000e-01  -6.80845073020000e-02  -7.70598478251601e-03
-8.73872628760000e-02   8.35664228480000e-01  -5.42244191786000e-01   2.94331625150409e-02
-3.08274929709000e-01  -9.42546927354000e-01  -1.28731726659000e-01  -4.69630883351510e-04
-1.28050893250000e-01  -6.55484044338000e-01   7.44273898747000e-01  -5.94312570948914e-03
 5.25464580806000e-01   3.90741783606000e-01   7.55782927078000e-01   4.16681992821137e-02
-2.54814669741000e-01   7.24452217766000e-01  -6.40498609099000e-01   2.09772232065097e-02
-2.81769189979000e-01   8.08985115895000e-01   5.15896506906000e-01   2.73182124009988e-02
 1.82583056337000e-01   7.54606577029000e-01  -6.30263707858000e-01   5.92095329824565e-02
-7.59178871941000e-01  -1.73725487373000e-01   6.27269396220000e-01  -2.68659313708557e-02
 9.87185522325000e-01  -3.52741556220000e-02   1.55629298199000e-01   1.28528611592058e-02
-7.68505062043000e-01  -6.07093662093000e-01  -2.02082297743000e-01   5.88055400690581e-02
-6.51435119965000e-01  -8.73496546000000e-04   7.58703843064000e-01  -3.32133971987489e-02
-7.88995468811000e-01  -4.72213668887000e-01  -3.93065390377000e-01   5.77366883240412e-02
-9.03110096198000e-01  -2.10491212393000e-01   3.74280113885000e-01   8.43571587353455e-03
 5.17333113768000e-01   8.00172452883000e-01   3.03464157762000e-01   4.24310237957270e-02
 5.13366443410000e-01   4.67815144840000e-02   8.56893450017000e-01   1.66996106788043e-02
-7.69777945650000e-01  -2.91364328149000e-01   5.67933748489000e-01   2.32375410847964e-02
-7.26624827511000e-01   4.31728879800000e-01   5.34440393675000e-01  -1.26676479197900e-02
-9.44948749703000e-01  -3.10716830857000e-01  -1.02600738095000e-01   3.14209033756042e-02
 7.09635062547000e-01   6.07790079116000e-01   3.56383638417000e-01  -4.14050521922766e-03
-6.27826038863000e-01   7.72048327609000e-01  -9.88728717210000e-02   4.55674620012085e-03
-8.76813889452000e-01  -4.24934719098000e-01   2.25006417175000e-01   2.18799583857293e-02
 7.97705540300000e-01   5.95946380506000e-01  -9.22701605970000e-02   2.55699625249827e-03
-3.96839335204000e-01  -7.60137814802000e-01  -5.14498828514000e-01  -1.02851591118461e-02
 8.58226945135000e-01   4.35195538048000e-01   2.72123784897000e-01  -2.73451161879676e-02
 4.93522518095000e-01  -4.68844140814000e-01  -7.32543988958000e-01   7.56831233073471e-03
-1.13168215000000e-02  -9.74027824311000e-01   2.26145367007000e-01   9.54472686564901e-03
-9.84817052874000e-01   1.67278323124000e-01  -4.64040405730000e-02   1.15609309320369e-02
 2.32599043604000e-01  -2.05870054908000e-01   9.50534168458000e-01  -1.30730984592810e-02
-3.69982500588000e-01  -1.38911779206000e-01   9.18594832805000e-01   7.65109423471697e-02
-5.85582035472000e-01  -2.22236867856000e-01   7.79554009866000e-01  -2.64764161729834e-02
 5.54747990324000e-01  -7.68024708184000e-01   3.19988616751000e-01   3.45420371935684e-02
 9.80738827443000e-01   9.78740828460000e-02   1.69032589319000e-01   4.43251695118238e-02
 5.41199657116000e-01  -6.27046677012000e-01  -5.60281532790000e-01  -1.52760409963419e-02
-4.80550633262000e-01   3.06152358324000e-01   8.21791836394000e-01   4.85011454888527e-02
 9.02461794640000e-02  -4.48825758675000e-01   8.89050654036000e-01   2.53653336054072e-02
-6.76745707070000e-02   2.52743238486000e-01  -9.65163720764000e-01   2.97669313713166e-02
 8.27894671598000e-01  -1.87978281567000e-01  -5.28445435593000e-01   3.52393416955140e-02
 3.94923708902000e-01   4.78388482807000e-01  -7.84333936321000e-01   9.28212798490682e-02
-1.24519317366000e-01  -7.95119994152000e-01  -5.93531072904000e-01   6.72675049319848e-03
 2.80630547597000e-01   7.65744754035000e-01   5.78689439530000e-01   2.22068294373646e-02
-1.10707329875000e-01  -5.32058015923000e-01  -8.39439190653000e-01   2.40790734466159e-02
 3.79225273443000e-01  -5.81559734920000e-02  -9.23474999515000e-01  -2.08394893704904e-03
-4.55772396820000e-02   6.98558667769000e-01  -7.14099784979000e-01   2.38405860335533e-02
 2.25757145880000e-02  -9.97897481330000e-01  -6.07532210270000e-02   3.59530756535771e-02
 2.67376686518000e-01   4.45012093050000e-02   9.62563945864000e-01   1.75669147880378e-02
 3.94168702375000e-01   7.39180837030000e-02  -9.16060669918000e-01   5.38256661426115e-02
 2.56428960004000e-01  -1.09806709946000e-01  -9.60305511242000e-01   1.62713260509735e-02
-5.98230987470000e-01   6.36345887284000e-01   4.87014986799000e-01  -1.54502758944404e-03
-2.73731345972000e-01  -3.57208931805000e-01   8.93013398148000e-01   8.20590392388082e-02
-3.80542912820000e-02   9.74485050816000e-01  -2.21202976135000e-01   1.69250275975566e-02
-3.79350185090000e-01  -5.18951815977000e-01   7.66017264666000e-01   7.43959584980083e-02
-4.62490571629000e-01  -1.56213555903000e-01  -8.72754144136000e-01   3.69647488327647e-02
 5.13285144485000e-01   6.64317914463000e-01   5.43341576704000e-01   1.16804694458955e-02
-5.05058042022000e-01   3.20045157076000e-01  -8.01553162068000e-01   1.12779497516256e-02
-9.50286694639000e-01   2.88511048823000e-01  -1.17117772776000e-01   1.84660101249136e-02
 2.63395961660000e-02   9.33501739060000e-01   3.57604151047000e-01  -1.07472886763752e-02
 2.85927335261000e-01   7.96473565935000e-01  -5.32799603714000e-01   2.43433626057857e-02
 3.38880547491000e-01  -9.06609031050000e-01   2.51435954770000e-01   1.54002337836255e-02
-8.43143010324000e-01  -3.11505938827000e-01   4.38262380564000e-01   7.58775004070478e-03
 4.77950681731000e-01  -1.37030437951000e-01  -8.67632298216000e-01   4.07389239809449e-02
 6.98791295537000e-01   5.39164181780000e-01   4.70098617703000e-01   9.60487836882108e-03
-4.31714294048000e-01   9.01813211159000e-01   1.88600237220000e-02   3.09903956841118e-02
-4.47957103380000e-01  -7.99585077428000e-01  -3.99997671850000e-01   5.71800373593196e-02
 9.81494298970000e-01   4.09682894200000e-03  -1.91447530888000e-01   4.15014954216525e-03
-3.51976300400000e-02  -4.48555741124000e-01  -8.93061517447000e-01  -1.50872935888616e-02
 9.00257801554000e-01   3.24315169210000e-01  -2.90440289494000e-01  -2.91405803056833e-02
-8.06577380871000e-01  -5.19021912313000e-01   2.82929643560000e-01   3.62070979660222e-02
 5.49969348134000e-01  -8.29009963427000e-01  -1.01371577135000e-01   3.32851303230640e-02
-5.48846518999000e-01   4.35056076500000e-02   8.34790249515000e-01   2.27264687156659e-02
-2.71063291416000e-01  -9.55169011403000e-01   1.19066585163000e-01  -1.36915985114674e-02
 8.78263416842000e-01   2.66622898765000e-01  -3.96945336906000e-01   5.92162667209597e-02
-4.99735711000000e-03  -9.55631183046000e-01  -2.94523459868000e-01   2.53700991452952e-02
 9.66627409770000e-02   2.48729678971000e-01   9.63737444176000e-01  -1.46487958792803e-02
-9.57508635471000e-01   2.88156282740000e-01   1.19653548240000e-02   2.07107255314529e-02
 4.58992974855000e-01  -5.27342639645000e-01   7.15007125451000e-01  -8.19664601122938e-03
 9.93796458300000e-02   6.97676514666000e-01  -7.09486551584000e-01  -5.62395864610022e-02
-8.96044680286000e-01   3.95699441110000e-01   2.01310415120000e-01   2.15133813340615e-02
-6.14546450327000e-01   4.60541205091000e-01   6.40495479144000e-01   9.25108821297238e-03
-5.94795403987000e-01   2.64602856639000e-01   7.59080862395000e-01   2.79055673160574e-02
-6.59399754700000e-01   3.48826080019000e-01   6.65967213458000e-01   4.43042320015930e-02
-3.02595733268000e-01   6.17409516427000e-01  -7.26113841786000e-01  -1.09315619742933e-02
 8.60234564743000e-01  -5.05853245309000e-01   6.41013871330000e-02   6.11940598126287e-02
 1.25698822970000e-01  -9.00600992295000e-01   4.16074102271000e-01   1.09292564532202e-02
 3.63176320321000e-01   5.88604474797000e-01   7.22251848462000e-01   1.66421693402143e-02
-3.38254465629000e-01   7.71523068983000e-01  -5.38828423999000e-01  -1.13241524997731e-02
-1.95093254508000e-01   2.07616601121000e-01  -9.58558276259000e-01   5.57453089462620e-03
-2.57936494183000e-01   9.60923204256000e-01  -1.00475671140000e-01   3.43430882565965e-02
 8.13578923947000e-01   4.16647373851000e-01  -4.05578969342000e-01  -2.55102646737252e-02
 2.35618355145000e-01   2.70418923026000e-01   9.33465369892000e-01  -1.14727893120138e-03
 9.94198010165000e-01   8.17392765620000e-02  -6.99214362760000e-02   6.35934746923367e-02
 7.24258924491000e-01   5.16797012080000e-02   6.87588698844000e-01   2.71799550302999e-02
-7.53493761095000e-01  -5.05285723531000e-01   4.20634627185000e-01   2.07826630801722e-02
-8.50589462044000e-01   5.07183164130000e-01  -1.38790507898000e-01   1.94187904343102e-02
-6.96834904644000e-01   2.22236651581000e-01   6.81932537986000e-01  -3.14351065408226e-02
-3.08286092638000e-01   8.43674627470000e-01  -4.39514286514000e-01   2.54362376628331e-02
 7.50475518889000e-01   6.20077412050000e-01  -2.28671158245000e-01   7.61030193435752e-02
-4.63194330779000e-01  -4.79664159220000e-02   8.84957758810000e-01  -3.96122076517624e-02
-1.73892134835000e-01   8.81279350921000e-01  -4.39440816360000e-01  -1.19420092991213e-02
 1.62883888088000e-01   9.84153536890000e-02  -9.81724634080000e-01   2.66923481798716e-02
-1.32654491944000e-01  -9.74609756843000e-01   1.80384610303000e-01   2.60844597256493e-02
 9.16218350229000e-01   1.10165285762000e-01   3.85236997855000e-01   3.14079429120722e-02
 2.14539329599000e-01  -9.57809439592000e-01  -1.91243178921000e-01   2.89959286632838e-02
 1.09141968900000e-03  -7.10991961793000e-01   7.03199288302000e-01   3.19229584673183e-02
 3.65600936815000e-01   6.04604849361000e-01  -7.07664419855000e-01   7.55125775600311e-02
 1.86036727823000e-01   1.52750574325000e-01   9.70596516553000e-01   5.65739080532824e-02
 6.67984841960000e-01  -5.58721379945000e-01  -4.91555358535000e-01   1.83505360417488e-02
 6.70028949850000e-01   1.56941443548000e-01   7.25555366364000e-01   1.05041796312246e-02
 5.98481917255000e-01   5.68584915201000e-01   5.64385142366000e-01  -1.05962503665330e-02
 8.45546291822000e-01   3.67731448048000e-01   3.87072409896000e-01   3.76522633386587e-02
-3.92064715808000e-01   3.71339401172000e-01  -8.41660446828000e-01   1.47839815396579e-02
 2.93994961440000e-02   7.74340221730000e-01  -6.32086141785000e-01   5.53855143175098e-02
-1.58320368948000e-01  -4.37442162682000e-01   8.85199985927000e-01   2.15198291319823e-02
-2.25766012444000e-01   3.84277650682000e-01   8.95187351794000e-01   2.56708093329657e-02
 2.48394282684000e-01   9.34046687331000e-01   2.56626316295000e-01   4.32188775944195e-03
-9.79589693881000e-01  -1.99743000954000e-01  -2.25114462580000e-02  -1.90240537528040e-02
 4.03954460928000e-01   9.01982170990000e-01   1.52476085708000e-01   3.19456239542506e-02
 7.66823279204000e-01  -6.78193260740000e-02   6.38265303367000e-01   9.76556639679969e-04
-9.65030476206000e-01   4.56545135510000e-02  -2.58131449821000e-01   2.41032723422215e-02
 7.67911647455000e-01   4.22848023037000e-01   4.81156160842000e-01  -1.86918736145645e-02
-9.85562751810000e-02  -8.29713131563000e-01   5.49420403639000e-01   3.24197018761190e-02
 3.25198308026000e-01   7.12580082643000e-01  -6.21671686887000e-01  -2.75299997289430e-02
 4.72134199160000e-02   1.72158885740000e-01  -9.83937097095000e-01  -4.29263428515764e-03
 6.32970089321000e-01   3.82557832142000e-01   6.73051536727000e-01  -2.04597771310409e-02
 9.18054982510000e-02  -9.68642396090000e-02   9.91054524018000e-01   1.80590530827320e-02
-5.71174924029000e-01  -9.14679460630000e-02   8.15716139968000e-01   6.94017769904363e-02
 6.64147945803000e-01  -5.22533745091000e-01   5.34664372599000e-01   2.93119926225390e-03
 3.53187462122000e-01  -6.16262006320000e-01   7.03903229263000e-01   6.82036428796339e-03
 3.57566059192000e-01  -7.75243819567000e-01  -5.20714445294000e-01   1.23060691640137e-02
 8.46982179169000e-01   1.69931505815000e-01   5.03730554465000e-01   3.16469416047989e-02
 2.72597414762000e-01   6.70534323459000e-01   6.89981427669000e-01   2.53561671954073e-02
-2.65918922140000e-02   9.69796603714000e-01   2.42461169455000e-01   1.96419964861026e-02
-2.26055112266000e-01  -9.00760113660000e-01  -3.70850783817000e-01   2.88132275120911e-02
-1.54743520854000e-01   4.60936074678000e-01  -8.73837729681000e-01   1.44696917219357e-03
-3.55872935730000e-02   4.99449860366000e-01  -8.65611565031000e-01   8.03498770328140e-02
-2.93139751988000e-01   9.33327525195000e-01   2.07289209845000e-01   2.06978615335636e-02
 7.74613787245000e-01  -5.71173691319000e-01  -2.71540227139000e-01   1.10017670295774e-02
-1.56554228492000e-01  -3.11532968229000e-01   9.37250224459000e-01  -4.79642058898755e-02
-3.07868741248000e-01   6.57497638965000e-01   6.87687205725000e-01   3.81746120599166e-02
 9.36623798821000e-01  -3.12343709287000e-01   1.58673459502000e-01   5.28502447654104e-02
 3.89286851767000e-01   8.79825897323000e-01   2.72694219669000e-01   6.73415660375983e-03
 3.14674131080000e-02   9.44411063203000e-01  -3.27257613527000e-01  -9.93942903068908e-03
 1.03891962416000e-01   9.70515313638000e-01  -2.17500542847000e-01   4.80941202076332e-02
 7.86120550304000e-01   4.93997607827000e-01   3.71457728214000e-01   5.09329918498368e-02
 9.78655707998000e-01  -1.91240530170000e-01  -7.52334023100000e-02  -2.58384947865821e-03
 9.10364959930000e-02  -4.12800973946000e-01  -9.06260289490000e-01   2.62130303040380e-02
-8.93811510834000e-01  -1.53573897953000e-01  -4.21326525356000e-01  -1.13163817548993e-02
-7.24615816855000e-01   6.83011407770000e-02  -6.85760068925000e-01   2.93675106464695e-02
 4.60375815800000e-03  -9.33607501437000e-01   3.58267830919000e-01   3.69339589863666e-02
 2.84089242214000e-01  -7.34046097955000e-01  -6.16822201721000e-01   1.66307669209483e-02
-7.89684687205000e-01   6.07853081395000e-01  -8.31428062600000e-02  -2.46469500786162e-03
 4.39831686993000e-01  -8.86864377982000e-01   1.41490855476000e-01   3.03685835754290e-02
-3.14843420350000e-01   9.48931736736000e-01   2.00544179190000e-02   9.67131196513567e-03
-2.29218437050000e-01   5.45782038562000e-01  -8.05965802314000e-01   4.52190169709467e-02
 6.00606738477000e-01   4.69741271620000e-02  -7.98163502719000e-01   4.13127905243042e-02
 4.44187132211000e-01  -4.20869193817000e-01   7.90927881209000e-01   2.78900032719319e-02
-1.16427454275000e-01   6.04599333794000e-01   7.87974805097000e-01   5.24882638337419e-02
 6.60213154040000e-01  -4.75472466678000e-01  -5.81415965264000e-01   1.72415509141752e-02
 2.06174273716000e-01   8.54498812464000e-01   4.76785012721000e-01   1.27832353980802e-02
 7.70879522548000e-01   1.86207704248000e-01   6.09156344952000e-01   1.62920861400006e-03
-4.90265842781000e-01  -3.12936836189000e-01   8.13455554999000e-01   7.76328586606190e-02
-3.73507825709000e-01  -9.08348901212000e-01   1.88133404269000e-01   3.58044374572672e-02
-5.32320162320000e-02  -9.83291770861000e-01  -1.74079423844000e-01   1.89366160446269e-02
 4.73010990433000e-01  -8.55528478589000e-01  -2.10550766453000e-01  -3.15770804496685e-03
 2.37104489071000e-01  -2.40453403324000e-01  -9.41256406136000e-01   1.46571178149518e-02
 8.96770744985000e-01  -1.30861774459000e-01  -4.22702527700000e-01   4.91479580689512e-02
-4.99145860736000e-01   6.22420042307000e-01  -6.02865408399000e-01   6.86762005551788e-03
 6.87422623655000e-01  -6.80466744381000e-01  -2.53801391407000e-01   5.05946151591844e-02
 4.84611051066000e-01   7.72848633812000e-01  -4.09703695858000e-01   3.00547479671084e-03
 2.88936919408000e-01   1.52346790935000e-01  -9.45148618946000e-01  -1.65516023590784e-02
-7.87471032186000e-01   1.45904147610000e-01  -5.98833326709000e-01   1.91500132549391e-02
 7.43756073380000e-02  -3.32803833211000e-01   9.40058443733000e-01  -2.46444799218708e-02
 3.78853678003000e-01  -9.25253850072000e-01   1.93701726910000e-02   2.78000077062948e-02
 3.08703806427000e-01   8.96214922737000e-01  -3.18591858277000e-01   2.58072941093492e-02
-4.61999374712000e-01  -6.50403623781000e-01   6.02935903673000e-01   5.84698917325759e-02
 9.92595145286000e-01  -1.14777857400000e-01   3.97607973360000e-02   5.72813304752143e-02
