 0.00000000000000e+00   0.00000000000000e+00   1.00000000000000e+00   1.60355056331068e-01
 7.17116715403000e-01   0.00000000000000e+00  -6.96953094900000e-01   1.53196514181159e-01
-3.98256380551000e-01  -3.34687466077000e-01  -8.54035219064000e-01   1.44938503727072e-01
 3.85934356201000e-01  -1.92722177209000e-01  -9.02171178389000e-01   1.56590323588559e-01
-9.03541649021000e-01   1.47359150260000e-01  -4.02365218824000e-01   1.60511772091851e-01
 6.47171340561000e-01  -7.62252578780000e-01  -1.18432301180000e-02   1.58237409276361e-01
 3.25721774791000e-01  -9.21097227932000e-01   2.13272647387000e-01   1.54101901960084e-01
-3.37334161533000e-01  -2.80401800206000e-01   8.98654824671000e-01   1.55550554711937e-01
-3.78854990827000e-01   4.46640240880000e-02  -9.24377639754000e-01   1.62692264070259e-01
-7.12613458674000e-01  -9.83824140310000e-02  -6.94624329495000e-01   1.53709742782119e-01
 1.39444036761000e-01   9.89330678209000e-01   4.21920580870000e-02   1.53308710728283e-01
 5.11447783809000e-01  -7.30995608927000e-01  -4.51737295522000e-01   1.56590233586864e-01
 3.35253693677000e-01   8.46443805066000e-01   4.13688102006000e-01   1.57218521923505e-01
-6.43338633380000e-02  -9.80278334354000e-01   1.86857007426000e-01   1.53142832148830e-01
 3.29807496990000e-01   2.43056184084000e-01   9.12222947699000e-01   1.55422901475176e-01
 3.00236486453000e-01  -9.37161711960000e-01  -1.77724443561000e-01   1.52639786108752e-01
-7.84818148069000e-01   4.93258872192000e-01   3.75174838529000e-01   1.51981132770637e-01
 9.89851289821000e-01   1.39412422783000e-01   2.75427016340000e-02   1.59185738839094e-01
-3.10537234454000e-01   9.47289313511000e-01   7.88009043460000e-02   1.55549942968052e-01
 5.27020742594000e-01   8.49689307764000e-01   1.66498392400000e-02   1.57778652245722e-01
-1.01941446226000e-01  -9.72945374114000e-01  -2.07328822241000e-01   1.52512765156498e-01
-1.49644362010000e-01   7.09356860040000e-01   6.88781104584000e-01   1.44384138373773e-01
-1.72243626598000e-01  -6.46508754512000e-01  -7.43208290747000e-01   1.58826693480990e-01
 1.13442322474000e-01   4.69035802856000e-01  -8.75863148620000e-01   1.54101489723161e-01
 8.96759937216000e-01   2.82576088235000e-01  -3.40547161730000e-01   1.56246397469314e-01
-3.80281666624000e-01  -8.14213777639000e-01  -4.38681864603000e-01   1.56246112645679e-01
-5.74232342443000e-01  -5.41776590237000e-01   6.13787702030000e-01   1.53309200898066e-01
-1.07603481895000e-01   9.50184543272000e-01  -2.92524912461000e-01   1.58604858177758e-01
 6.65664267702000e-01   6.70892707047000e-01  -3.26793602043000e-01   1.57723681339367e-01
 5.86539309584000e-01   4.53826336478000e-01   6.70830302410000e-01   1.48752337182793e-01
-1.89612593891000e-01  -6.44243246808000e-01   7.40943792187000e-01   1.58604471519489e-01
 9.87074689020000e-02  -8.39763086607000e-01  -5.33905229376000e-01   1.53196302102546e-01
-4.49731611952000e-01  -8.93163174880000e-01   1.01007352600000e-03   1.57723506467440e-01
-5.53688646410000e-02   9.20261997007000e-01   3.87365648571000e-01   1.54503958733143e-01
 1.00983349378000e-01  -8.28954313434000e-01   5.50124630777000e-01   1.59128393889186e-01
-9.12366536081000e-01  -4.08963971701000e-01   1.83241286190000e-02   1.52322021514581e-01
-4.88545887970000e-01   8.30033477102000e-01  -2.69011788288000e-01   1.43556224926228e-01
-6.95933425975000e-01   7.16365060915000e-01   4.99776561160000e-02   1.60355237682645e-01
 8.13927433662000e-01  -5.14086085691000e-01  -2.70624517054000e-01   1.56046866422501e-01
 6.56892316980000e-01  -3.96365560003000e-01  -6.41394439278000e-01   1.56208747359810e-01
 8.49748500640000e-01   5.27168552152000e-01   4.56106158400000e-03   1.53171532264042e-01
 9.14031432979000e-01  -1.08953397551000e-01   3.90737375597000e-01   1.53709717027667e-01
 5.62939742370000e-02  -3.85095138800000e-01   9.21158359099000e-01   1.43556227297209e-01
 6.96818246102000e-01   6.54251585920000e-02   7.14257572954000e-01   1.60511499565807e-01
-4.80238915055000e-01   4.94347544524000e-01   7.24562688585000e-01   1.63558689293365e-01
 3.43814162688000e-01  -5.68905707098000e-01   7.47086419343000e-01   1.60771951856972e-01
-9.42040495916000e-01   9.15743892180000e-02   3.22759717584000e-01   1.64348898770021e-01
 3.70059897255000e-01   6.65573561038000e-01  -6.48126150754000e-01   1.53143415215869e-01
 6.72945918685000e-01   6.55410548408000e-01   3.42900573872000e-01   1.52322574301061e-01
 4.06911651001000e-01   2.09257554332000e-01  -8.89176126667000e-01   1.52640137172798e-01
 2.15160061940000e-02   7.39332385310000e-02  -9.97031061561000e-01   1.58237385053808e-01
-2.68802850314000e-01   4.16909451346000e-01  -8.68292310827000e-01   1.45767713570573e-01
 6.61168932082000e-01   3.97305177901000e-01  -6.36399433424000e-01   1.52511822276873e-01
-9.98322353562000e-01  -2.99576261420000e-02  -4.95481484450000e-02   1.48753506603680e-01
 4.07567231070000e-01  -1.60759457832000e-01   8.98913426797000e-01   1.56580292693438e-01
 9.16987354664000e-01  -1.20094820582000e-01  -3.80409549637000e-01   1.58826354586195e-01
 5.51127753099000e-01  -7.07531986792000e-01   4.42330970463000e-01   1.45768021059811e-01
-4.78991951772000e-01   7.74579786113000e-01   4.13028891342000e-01   1.57082915776399e-01
-4.36633112100000e-02   7.69943091271000e-01  -6.36616958192000e-01   1.59128669674599e-01
-3.97170156873000e-01   1.27309082932000e-01   9.08871973323000e-01   1.57082838489677e-01
 2.39416406363000e-01   6.31683043781000e-01   7.37330534133000e-01   1.64348909434253e-01
 2.80684653105000e-01  -5.68723993992000e-01  -7.73155316977000e-01   1.56208049841212e-01
-7.35530566027000e-01   2.01824328507000e-01   6.46731572496000e-01   1.44383636865417e-01
-7.24919723120000e-02   3.89227187301000e-01   9.18284874435000e-01   1.51980703566343e-01
-6.05519013700000e-03  -3.17500298072000e-01  -9.48238838794000e-01   1.56047177148153e-01
 6.86957265837000e-01  -3.49092843718000e-01   6.37356965427000e-01   1.54411217074866e-01
 2.95431915307000e-01   8.94535075527000e-01  -3.35450416709000e-01   1.53530475777328e-01
 9.67817754305000e-01  -2.51596721078000e-01  -5.28056763700000e-03   1.44939049707048e-01
-6.98948429991000e-01  -6.72713930318000e-01   2.42748965333000e-01   1.57778824977509e-01
-8.81987260952000e-01  -2.85351103804000e-01  -3.75064286591000e-01   1.56361692176877e-01
-6.47895789945000e-01   3.08872931537000e-01  -6.96296314463000e-01   1.54411171186566e-01
-6.18626713198000e-01  -5.21536108202000e-01  -5.87623244570000e-01   1.59186165656595e-01
-7.68827033193000e-01   5.32616488892000e-01  -3.53870977605000e-01   1.56580361474283e-01
-7.11262362027000e-01  -6.69720123815000e-01  -2.13496623206000e-01   1.53171457536898e-01
-9.27930927644000e-01   3.72623116507000e-01  -9.80849456700000e-03   1.55422619948531e-01
 8.26196874614000e-01  -5.05144868992000e-01   2.49454175570000e-01   1.62691947185554e-01
-3.50442055573000e-01  -8.37909568975000e-01   4.18447033573000e-01   1.53530670850080e-01
-4.35029566962000e-01   6.62785521316000e-01  -6.09478981264000e-01   1.60771726498909e-01
-8.70412447321000e-01  -2.95576887518000e-01   3.93721316559000e-01   1.57217883219944e-01
 8.71662949360000e-01   2.95977085492000e-01   3.90642122124000e-01   1.56362337463825e-01
-6.76708171003000e-01  -1.66692516414000e-01   7.17132941838000e-01   1.54504473637796e-01
