 0.00000000000000e+00   0.00000000000000e+00   1.00000000000000e+00   1.39848964196959e-02
 9.98283936911000e-01   0.00000000000000e+00   5.85592119630000e-02   1.47543519913328e-02
-6.06352217943000e-01   3.02141223250000e-01   7.35559425885000e-01   2.22468722853796e-02
 1.11736751803000e-01   7.24471148300000e-01  -6.80188542668000e-01   1.44852262827439e-02
-8.62350604426000e-01   4.08510513013000e-01   2.99116358302000e-01   8.02753320470210e-03
 4.59961650506000e-01  -3.14174039538000e-01  -8.30499821159000e-01   1.58845445113983e-02
-3.10550395824000e-01  -7.77214508911000e-01  -5.47262330872000e-01   1.45614772659620e-02
 1.70232299912000e-01  -4.21737892981000e-01   8.90594247506000e-01   1.47390731366793e-02
-9.44561735360000e-01   3.21258187869000e-01   6.77960531360000e-02   1.68586293403650e-02
-8.65276748523000e-01   4.87160268547000e-01  -1.18199074509000e-01   1.16215577160285e-02
-9.95638387820000e-02   6.76976958759000e-01   7.29238808153000e-01   1.18245875234543e-02
 1.16218243494000e-01   3.14221127789000e-01  -9.42209320019000e-01   1.44163955594397e-02
-8.39880220488000e-01  -2.58844607722000e-01   4.77075134843000e-01   1.21153512434437e-02
-7.53714696724000e-01  -6.52525991749000e-01   7.82559009520000e-02   1.71977065589535e-02
-9.01551858889000e-01  -1.68358824219000e-01   3.98571890682000e-01   1.90851970817967e-02
-9.83048182278000e-01  -7.96979616540000e-02  -1.65119672444000e-01   1.27549012616017e-02
-1.47713992820000e-01   9.68398126862000e-01   2.00961797900000e-01   1.49927467011304e-02
-7.21446527682000e-01   4.78518663562000e-01   5.00534510617000e-01   1.00399473520869e-02
-3.62805788816000e-01  -2.22437334947000e-01  -9.04927395774000e-01   1.65366480660373e-02
-4.15386463102000e-01  -1.10782819950000e-01  -9.02873885477000e-01   1.54225350227276e-02
 9.15857705350000e-02  -6.93987397461000e-01   7.14138319095000e-01   1.57413814312585e-02
 3.79746291145000e-01  -8.41414234170000e-01   3.84466956834000e-01   1.34195492692369e-02
-2.37695789768000e-01  -2.26743132816000e-01  -9.44504242048000e-01   1.51828775951160e-02
 8.80220091624000e-01  -1.06662130415000e-01   4.62423810196000e-01   1.59653931992093e-02
 6.35875333540000e-01   1.60751167379000e-01   7.54865300820000e-01   1.60442855378883e-02
 3.36596108551000e-01  -6.25024305442000e-01  -7.04306522272000e-01   1.49888282860399e-02
-9.85468615093000e-01   1.12811704275000e-01   1.26984755165000e-01   1.62554298728021e-02
 5.03780292481000e-01   3.52711830630000e-02   8.63111441561000e-01   1.44343164783672e-02
-5.33880853373000e-01   5.90085114870000e-01   6.05616043059000e-01   1.03026802396520e-02
-5.49595943520000e-01   6.43867562207000e-01  -5.32333411693000e-01   1.32917319720809e-02
-2.38281717789000e-01   7.74213746884000e-01  -5.86357311802000e-01   1.68442996900455e-02
 8.12871576406000e-01   1.33558035752000e-01   5.66923320527000e-01   1.52195830258142e-02
-7.97723890694000e-01   5.74955541491000e-01  -1.81831569106000e-01   1.45270057443457e-02
 8.04029705708000e-01   8.64314819130000e-02  -5.88273602394000e-01   1.93126057993706e-02
-2.27103144481000e-01   6.99302451224000e-01  -6.77790707726000e-01   1.40392605924377e-02
 9.19326621338000e-01   3.56340771694000e-01   1.66912605059000e-01   1.64216955679801e-02
-1.63405783521000e-01  -1.12742098845000e-01  -9.80095795859000e-01   1.68963312665776e-02
-6.96297022994000e-01  -3.02440661441000e-01   6.50922500822000e-01   1.29450870431522e-02
 3.07629385508000e-01   1.33293391036000e-01  -9.42123682474000e-01   1.59304600765240e-02
 3.10985176989000e-01   9.49429795541000e-01  -4.32583290500000e-02   1.49963445519947e-02
-9.13860105957000e-01   3.73795641507000e-01  -1.58545025563000e-01   1.49509821705213e-02
-1.95677330315000e-01   8.01254446987000e-01   5.65421695361000e-01   1.25957364394218e-02
-7.90974664376000e-01  -5.88157034291000e-01  -1.68613117313000e-01   1.56349051218052e-02
 4.65661838089000e-01  -6.99869128883000e-01  -5.41610796592000e-01   1.46162527331803e-02
-4.27559276189000e-01   3.55714787568000e-01   8.31059597893000e-01   1.89828367300866e-02
-9.66111406591000e-01  -2.56364397160000e-01   3.01005967240000e-02   1.61492079629099e-02
 6.22552397313000e-01  -7.78512726314000e-01   7.96645941890000e-02   1.38241949646342e-02
 7.61758958886000e-01   2.44408404456000e-01   5.99989850238000e-01   1.56577623749829e-02
-1.10561863461000e-01  -4.44345095322000e-01  -8.89007036311000e-01   1.27842487407215e-02
 1.12560398672000e-01   5.57242259232000e-01   8.22685371923000e-01   1.66972170172821e-02
 2.56027587261000e-01  -8.97552936367000e-01   3.58954873182000e-01   1.58723815531664e-02
-1.39178012704000e-01  -9.60333909512000e-01   2.41636634271000e-01   1.53591149161531e-02
 9.32420419736000e-01   2.51913638605000e-01   2.59097818486000e-01   1.39592590142584e-02
 6.91287589792000e-01   7.20978647177000e-01   4.80755500760000e-02   1.65085461769982e-02
-1.18985405263000e-01  -7.17996732975000e-01  -6.85801111673000e-01   1.67599490739840e-02
 2.36980296514000e-01  -7.36124217940000e-02   9.68721606253000e-01   1.52831306905393e-02
-5.12796251045000e-01   3.36746330260000e-02   8.57849651166000e-01   1.16569297978550e-02
-2.03805950222000e-01  -1.50946350512000e-01   9.67304674816000e-01   1.62497673538756e-02
-6.95021102840000e-02   4.84106175190000e-01  -8.72244614663000e-01   1.47975160863776e-02
-2.64646293947000e-01   6.07226486332000e-01  -7.49158416757000e-01   1.45827068875310e-02
 9.90098067575000e-01  -1.18757042234000e-01   7.48503941420000e-02   1.55940470208401e-02
 3.35201028877000e-01   2.52030495063000e-01  -9.07811048511000e-01   1.36739189359203e-02
-4.69017497725000e-01  -8.52663327163000e-01   2.30190871539000e-01   1.63722152235736e-02
 5.78342635556000e-01   6.37993250688000e-01   5.08413618990000e-01   1.46191063594897e-02
-9.30080780871000e-01   1.01959301835000e-01  -3.52922146972000e-01   1.93072774378543e-02
 1.77274335551000e-01   5.50663480312000e-01  -8.15685933069000e-01   1.47813473196098e-02
 5.90742725585000e-01  -3.05680017480000e-01   7.46714643678000e-01   1.59633356877616e-02
-3.24016705097000e-01  -8.59350250277000e-01   3.95639131239000e-01   1.59219916937057e-02
-9.20352846223000e-01   2.25777952084000e-01  -3.19335176267000e-01   1.28551165081719e-02
 1.51956370359000e-01  -9.88387166517000e-01   2.65653547000000e-04   1.59987720807594e-02
-2.02157934355000e-01   9.01575400404000e-01  -3.82483943407000e-01   1.48700207147059e-02
 9.65551227436000e-01  -2.54281850827000e-01   5.52409950820000e-02   1.49351727990185e-02
-1.73717928677000e-01  -5.36349618067000e-01  -8.25924432655000e-01   1.53515447518128e-02
 2.11761173259000e-01   9.70468385301000e-01  -1.15534923860000e-01   1.65597059659627e-02
 4.10434642480000e-01  -5.93081985139000e-01   6.92673922677000e-01   1.43628780046393e-02
 7.19787726676000e-01  -6.89236158264000e-01   8.28199653950000e-02   1.64893469265639e-02
-2.19756376439000e-01   9.40002438366000e-01  -2.60964654465000e-01   1.53414310327914e-02
 7.34178801280000e-01   1.70587679652000e-01  -6.57176788469000e-01   1.36528481352773e-02
-1.02422315920000e-02   6.94000301034000e-01  -7.19901853628000e-01   1.54539200683912e-02
 7.89770603623000e-01   5.65790130215000e-01   2.36947087350000e-01   1.48190826398895e-02
 3.68936255945000e-01   8.62719236534000e-01   3.45834581792000e-01   1.60518370601995e-02
-2.97564717828000e-01  -3.43858572108000e-01   8.90627038154000e-01   1.44049234369051e-02
-8.04286883300000e-01  -5.29735521749000e-01   2.69263600118000e-01   1.69527836860003e-02
-3.21222797983000e-01   8.87271670829000e-01  -3.31005885446000e-01   1.41812691898368e-02
-5.14663154170000e-02  -3.26660798664000e-01  -9.43739339539000e-01   1.45298223134199e-02
 9.61002375624000e-01   2.42487082008000e-01   1.32945286128000e-01   1.52437441751187e-02
 2.72220296308000e-01  -3.42468233645000e-01   8.99228346540000e-01   1.49898392059182e-02
-7.24274800759000e-01   3.60657934591000e-01  -5.87666459143000e-01   1.78601548067055e-02
 4.17252246367000e-01   6.89645070525000e-01  -5.91853224713000e-01   1.62448570573963e-02
-8.59624680452000e-01   3.14574408390000e-01  -4.02601975086000e-01   1.90687601165446e-02
-5.42367741899000e-01   3.92971246499000e-01  -7.42570422232000e-01   1.56995239057395e-02
-2.87579156042000e-01  -8.11307918058000e-01   5.08996749603000e-01   1.43754186821373e-02
-8.49173354658000e-01  -1.32987221068000e-01   5.11095893910000e-01   1.49427972718783e-02
 7.84541236880000e-02  -5.97753954576000e-01   7.97831536269000e-01   1.43866023271303e-02
-4.02163678607000e-01  -9.15376442946000e-01   1.87174599760000e-02   1.56225585336307e-02
-3.04780524365000e-01  -9.50400984184000e-01  -6.20225864550000e-02   1.28825079334561e-02
 2.21277917510000e-01   5.91791467334000e-01   7.75125114039000e-01   1.51957413694955e-02
-7.36878621408000e-01  -1.82323282660000e-02  -6.75779164756000e-01   1.84699673537688e-02
-1.05492503562000e-01   5.72330770152000e-01   8.13208965291000e-01   1.76403846947463e-02
-8.10289909456000e-01   2.78817429854000e-01  -5.15452328972000e-01   1.10485573706482e-02
-8.45397054000000e-04  -6.74506874949000e-01  -7.38268082034000e-01   1.55808871575006e-02
-4.11898830150000e-02  -9.85710809211000e-01   1.63332771180000e-01   1.61568858432419e-02
-1.06190362301000e-01  -9.26467875872000e-01   3.61082929437000e-01   1.59973078727531e-02
 9.25266216848000e-01  -3.72818120798000e-01   6.99219333610000e-02   1.64452710455962e-02
-2.43876705710000e-01   9.69772123171000e-01  -8.13520334100000e-03   1.45335304017024e-02
 3.43471901728000e-01  -9.51989486040000e-02  -9.34325539043000e-01   1.53677530543669e-02
 4.27251795601000e-01   7.70331133187000e-01  -4.73334816381000e-01   1.61836952807050e-02
 2.22494279299000e-01   7.50696545951000e-01  -6.22053849419000e-01   1.60226736925449e-02
 5.68730880327000e-01  -3.04456478597000e-01  -7.64101719932000e-01   1.33807235174473e-02
 4.83868859588000e-01   4.97233522954000e-01  -7.20159531196000e-01   1.64523774535414e-02
-4.14513368859000e-01   7.53280143991000e-01   5.10634597051000e-01   1.20748731617101e-02
-6.41381970365000e-01   7.47678622364000e-01  -1.72063493368000e-01   1.38438774144497e-02
-6.68810819217000e-01   6.95126719370000e-02  -7.40175706531000e-01   1.55850048782700e-02
 4.59962360734000e-01  -8.52298282550000e-02  -8.83838505092000e-01   1.55753833735720e-02
 6.37251975424000e-01  -4.97795566224000e-01  -5.88310712180000e-01   1.57687948189316e-02
-4.24108741292000e-01  -5.17345987674000e-01  -7.43293283030000e-01   1.64181913541827e-02
-7.00205590638000e-01  -3.55483057582000e-01  -6.19147742151000e-01   1.45082942968459e-02
 1.51863179120000e-02  -2.11147273620000e-01  -9.77336280198000e-01   1.62942518031990e-02
-5.33473784714000e-01  -9.05785655440000e-02  -8.40952581592000e-01   1.63200063241596e-02
-9.12195111800000e-01   1.81038186276000e-01   3.67593869805000e-01   7.99062322446350e-03
 4.26459175069000e-01   1.47163395628000e-01  -8.92454764672000e-01   1.56734658994912e-02
 7.64997598354000e-01   4.68298654917000e-01   4.42125597897000e-01   1.38353145144279e-02
-9.95441423678000e-01  -1.12411361990000e-02   9.47101308320000e-02   1.82983906793932e-02
 7.02931365873000e-01   3.44777960066000e-01   6.22105821485000e-01   1.30653175318096e-02
 6.92845279537000e-01   5.70263001650000e-01  -4.41322475715000e-01   1.14190849618821e-02
 3.03744172950000e-01  -5.66062837136000e-01   7.66363061357000e-01   1.53170879703768e-02
-3.78069949235000e-01  -5.22771504345000e-01   7.64050435331000e-01   1.45853554883235e-02
 6.19355517130000e-01   7.83622221341000e-01  -4.83213992030000e-02   1.63240594012176e-02
-2.76875165045000e-01  -7.01245422754000e-01  -6.56958902861000e-01   1.48022492661198e-02
 9.95669214610000e-01   8.67346893890000e-02  -3.34650374860000e-02   1.52230032274686e-02
-6.86669641534000e-01  -7.26963539435000e-01  -2.96912912600000e-03   1.32385795818311e-02
 6.88161811197000e-01  -5.99298785162000e-01   4.08991794189000e-01   1.29829085218783e-02
 8.39111050569000e-01  -3.42793140753000e-01   4.22357085255000e-01   1.73569011478857e-02
 8.83597304967000e-01   1.92260875160000e-02  -4.67852712095000e-01   1.48888360361693e-02
 1.13814011769000e-01   3.23652704645000e-01   9.39305752937000e-01   1.12962187140901e-02
 9.65679575984000e-01   1.35581440749000e-01   2.21541484721000e-01   1.60293812906708e-02
 1.25493095889000e-01  -9.37307797599000e-01   3.25123938589000e-01   1.61906309994343e-02
-8.92929025186000e-01   4.38222087874000e-01   1.03146292609000e-01   9.30644909706521e-03
 6.32819781460000e-02  -4.92445925667000e-01   8.68039400912000e-01   1.50886512624966e-02
-7.51467324637000e-01  -5.12419502077000e-01  -4.15599703914000e-01   1.37636808804791e-02
 3.42685067735000e-01  -3.19040251328000e-01  -8.83617712806000e-01   1.46420183809886e-02
-1.36560212555000e-01   9.88362164367000e-01   6.70189554870000e-02   1.54759193554745e-02
 4.20325437960000e-01  -4.56098766860000e-02   9.06226387473000e-01   1.41816764186795e-02
-3.51693696788000e-01   7.68215005629000e-01  -5.34936677341000e-01   1.44261743479428e-02
 7.91119249379000e-01   5.65680642203000e-01  -2.32670892676000e-01   1.19671578681052e-02
-2.22611628101000e-01  -6.33231004374000e-01  -7.41257416917000e-01   1.63157839353036e-02
-8.54655419148000e-01  -5.12979421493000e-01  -8.01013585770000e-02   1.65138610657957e-02
 2.28036444590000e-01   3.66207922079000e-01   9.02159153224000e-01   1.66669617940640e-02
-7.87852950275000e-01  -3.14245299378000e-01  -5.29658022277000e-01   1.27070266228664e-02
 2.91869048709000e-01   9.26154153515000e-01   2.38853390874000e-01   1.59175862858837e-02
 2.78935944340000e-01  -9.59646234553000e-01   3.56909437230000e-02   1.25043709331025e-02
-1.99068568765000e-01   4.46272194447000e-01  -8.72475119068000e-01   1.51592027740056e-02
-2.01713449605000e-01  -9.68866531958000e-01  -1.43559491151000e-01   1.71834167622148e-02
 5.29410295294000e-01   4.99433847630000e-01   6.85777348035000e-01   1.48336468034304e-02
-7.01847437826000e-01  -5.41425942300000e-02   7.10266677739000e-01   1.73699157342005e-02
 7.81339820877000e-01   2.55942168510000e-02   6.23580805008000e-01   1.60124263235344e-02
 2.30632728787000e-01   8.32849411263000e-01  -5.03160414352000e-01   1.52280555516247e-02
-7.69288015141000e-01  -6.36299055737000e-01  -5.76147674490000e-02   1.52823181522065e-02
 4.08922736421000e-01   9.67257555170000e-02   9.07428412525000e-01   1.46228466803724e-02
-6.41321755144000e-01   1.85139607597000e-01   7.44600384151000e-01   1.29206912812472e-02
-8.20895655506000e-01  -5.51441450045000e-01   1.48467673059000e-01   1.47931201469076e-02
 6.62736592430000e-01  -6.46879706907000e-01  -3.77262314373000e-01   1.57210001694144e-02
 1.85739432087000e-01  -8.16996400160000e-01   5.45910015930000e-01   1.53743321154087e-02
 2.47456755560000e-02   4.03359660525000e-01  -9.14706857853000e-01   1.51377400263522e-02
 1.52634513748000e-01  -9.54982709139000e-01  -2.54383038859000e-01   1.67958466926320e-02
 2.49794101340000e-01   7.72466727921000e-01   5.83864762759000e-01   1.27238588630620e-02
 8.06473464349000e-01   3.23589685273000e-01  -4.94863887232000e-01   1.63937268348239e-02
 2.58001322865000e-01  -8.56645233914000e-01  -4.46759734770000e-01   1.64052876281741e-02
-9.58141772524000e-01   2.36686414335000e-01   1.61071055791000e-01   9.46124122422570e-03
 4.03863449994000e-01  -4.87316171457000e-01   7.74220422616000e-01   1.46861894984814e-02
 7.42008053054000e-01  -5.48061643900000e-01  -3.86073158467000e-01   1.63149764259668e-02
-9.78961528866000e-01   2.01536080834000e-01   3.18987950020000e-02   1.82991550596046e-02
 4.27063484005000e-01   8.98850601330000e-01  -9.84092328870000e-02   1.70808436749559e-02
 2.36889489925000e-01   6.96226153310000e-01   6.77607934583000e-01   1.70962777027426e-02
 6.06575286986000e-01   7.34914586103000e-01   3.03260568407000e-01   1.41507262186663e-02
 3.23966188557000e-01   6.21767595181000e-01   7.13057477525000e-01   1.26034102388767e-02
-3.97151548565000e-01  -4.04750790220000e-01   8.23679212612000e-01   1.60308267687807e-02
-7.82352384897000e-01   3.98794874392000e-01  -4.78421774175000e-01   1.55807701403428e-02
 1.43428212497000e-01  -8.57502432094000e-01  -4.94082914917000e-01   1.38906082320341e-02
 7.11262599862000e-01   5.98924278420000e-02  -7.00370195772000e-01   1.34114081137668e-02
-2.33286196537000e-01   9.62925283199000e-01  -1.35471212738000e-01   1.52377251754272e-02
 2.84010448844000e-01  -8.36152516118000e-01   4.69240913324000e-01   1.55570817063925e-02
-8.75853805580000e-01  -4.42394807981000e-01   1.92787305398000e-01   1.42105874569808e-02
-8.84495441490000e-01  -2.93634225072000e-01   3.62555865833000e-01   1.43270825728926e-02
-6.90082573195000e-01  -6.17930206234000e-01  -3.76760271785000e-01   1.61987007156724e-02
 8.56768963280000e-02   6.27732851029000e-01  -7.73699513490000e-01   1.53508110626605e-02
 1.92553760440000e-02  -1.27940255099000e-01   9.91594938278000e-01   1.60026628515110e-02
-4.75599756152000e-01   6.02143802056000e-01  -6.41270390392000e-01   1.46621390046467e-02
 9.01071533368000e-01  -2.01377369610000e-01  -3.84079740111000e-01   1.53287261875786e-02
 8.48822150150000e-01   5.28321028227000e-01  -1.94383267970000e-02   1.22898503602511e-02
 8.72331009148000e-01  -3.99672665498000e-01  -2.81603215414000e-01   1.52789250041453e-02
-9.56621705154000e-01   2.83826728493000e-01  -6.57061749070000e-02   1.10842490769996e-02
 6.89015079668000e-01  -5.17716747890000e-01   5.07176092639000e-01   1.48217136707508e-02
 1.58540485000000e-03   3.93374952047000e-01   9.19376763679000e-01   1.67120008179557e-02
 4.69711211552000e-01  -8.33780195444000e-01   2.90141281840000e-01   1.52673589330662e-02
-6.16933387990000e-02   9.11348075494000e-01   4.06987244567000e-01   1.40313598859582e-02
-1.92473517600000e-01  -2.79240276883000e-01   9.40733125168000e-01   1.33532397627534e-02
 6.30047681857000e-01  -7.63368901779000e-01  -1.42505573163000e-01   1.32464377544457e-02
 9.29324743881000e-01   1.36822891936000e-01   3.42979615505000e-01   1.46808248660578e-02
-9.14463303243000e-01  -3.23624462188000e-01   2.42948707540000e-01   1.80919812740625e-02
-6.39123259186000e-01  -4.73776044269000e-01  -6.05852885976000e-01   1.33059502318679e-02
-3.54081220312000e-01  -6.14896866606000e-01  -7.04647665759000e-01   1.42678108006638e-02
 1.33438628817000e-01  -9.81617544794000e-01  -1.36459254328000e-01   1.24118134042404e-02
-6.66887243444000e-01   7.13299442122000e-01   2.15558136936000e-01   1.11024599791200e-02
-2.55140652285000e-01   2.17928609861000e-01  -9.42024611438000e-01   1.44403590738202e-02
-4.88956853749000e-01   1.19851155580000e-01  -8.64035239836000e-01   1.57978926279504e-02
 9.80783352261000e-01  -1.04001049417000e-01  -1.65069069326000e-01   1.40300327441943e-02
 7.03787151093000e-01  -3.88201893239000e-01  -5.94964651086000e-01   1.24829654676037e-02
 9.07364147977000e-01   4.16643771509000e-01  -5.56621112400000e-02   1.76685989179353e-02
 9.08695089644000e-01   3.75384563878000e-01  -1.82646279070000e-01   1.19323907885752e-02
 1.42372361330000e-02   7.81377748826000e-01  -6.23895916598000e-01   1.51472048589672e-02
 6.54932084155000e-01  -5.78157338134000e-01  -4.86619006520000e-01   1.33444023079794e-02
 2.68169554370000e-02  -9.15676325894000e-01   4.01020843721000e-01   1.51679340986977e-02
-2.33361207360000e-01  -9.17755811044000e-01   3.21351549233000e-01   1.36330943964278e-02
 6.22363977614000e-01  -1.85537205655000e-01  -7.60420294762000e-01   1.59252818255155e-02
-3.67453850700000e-01  -4.31139983588000e-01  -8.24072801491000e-01   1.53980472201577e-02
-3.05697810354000e-01  -3.32573281464000e-01  -8.92156859079000e-01   1.22253603639896e-02
-4.69150981938000e-01  -6.93030769573000e-01   5.47362501978000e-01   1.38086777109854e-02
-2.61503294513000e-01   9.31856389698000e-01   2.51514802622000e-01   1.43754144111654e-02
-3.96759564228000e-01   8.23149012124000e-01   4.06211216035000e-01   1.46448142422515e-02
 1.28050433729000e-01   8.85316671161000e-01  -4.47009483330000e-01   1.60648589278768e-02
-4.71708243626000e-01   8.57083596230000e-01   2.07120839050000e-01   1.34691341538021e-02
-8.11867403300000e-03  -9.58404464442000e-01   2.85298036567000e-01   1.34453852506314e-02
 2.39141402734000e-01   3.48785965823000e-01  -9.06178646594000e-01   1.54172046849067e-02
-9.19562357672000e-01   2.73448186208000e-01   2.82189935703000e-01   1.75339095108388e-02
-7.38181640830000e-01   6.74527888538000e-01   9.99963632800000e-03   1.29851625280528e-02
 5.79216943953000e-01   5.03768977820000e-01  -6.40877951583000e-01   1.28653953959918e-02
 3.55672089661000e-01  -7.08769342586000e-01  -6.09215383626000e-01   1.50487068657006e-02
 3.12579232315000e-01   1.62536191994000e-01   9.35882583350000e-01   1.38693288478481e-02
-2.11631259070000e-02  -7.39775939657000e-01   6.72520394640000e-01   1.39899068213023e-02
 1.80566182263000e-01   1.13401796296000e-01  -9.77003524262000e-01   1.37208682465872e-02
-2.03509830226000e-01  -8.41010008639000e-01  -5.01284265033000e-01   1.62095872557995e-02
 5.78659981098000e-01  -7.57858682890000e-01   3.01335100917000e-01   1.29390541447644e-02
 6.01392934978000e-01  -6.13011900463000e-01   5.12389449198000e-01   1.67030985967872e-02
-6.96529657612000e-01   6.43744819854000e-01   3.16921193639000e-01   2.01945310593877e-02
-5.19825178282000e-01  -8.38681900456000e-01  -1.62463700167000e-01   1.46894708528886e-02
 8.84591642691000e-01   3.64487826573000e-01   2.90940285903000e-01   1.45916734587100e-02
-6.32483800355000e-01   5.00896604697000e-01   5.90818782447000e-01   1.43860851890194e-02
 5.31504897007000e-01   1.50806371691000e-01   8.33522634794000e-01   1.40097276069779e-02
-9.65276665344000e-01   1.21666244850000e-02  -2.60946225476000e-01   1.31449354584694e-02
-2.99896928632000e-01   8.40479967607000e-01  -4.51281792507000e-01   1.55576419733822e-02
 8.26139311407000e-01   5.52732422659000e-01   1.09456416393000e-01   1.68879206600204e-02
 9.30655844245000e-01   6.63422787310000e-02  -3.59831073735000e-01   1.63660195936248e-02
-7.69622647917000e-01   5.97217625309000e-01   2.25858557141000e-01   1.13073342959184e-02
 3.76363545327000e-01   6.84956692127000e-01   6.23846785405000e-01   1.61526783212229e-02
-9.63982354626000e-01   1.35092454377000e-01  -2.29102703476000e-01   1.24654087954226e-02
 9.84461148120000e-01   1.55133835110000e-02   1.74915930593000e-01   1.49462833063832e-02
 2.27914182597000e-01   4.82288996113000e-01   8.45844223010000e-01   1.26834793888481e-02
-8.42557048455000e-01  -4.71803244900000e-03   5.38586446421000e-01   1.96624468483892e-02
-4.57164668179000e-01   7.65718995200000e-03  -8.89349106713000e-01   1.24464199954387e-02
-7.52059952180000e-01   1.11757058545000e-01  -6.49550758750000e-01   1.14519701031771e-02
 9.82669683987000e-01  -1.79136926908000e-01  -4.76471782010000e-02   1.60919131832887e-02
-3.40330487570000e-02  -6.53401498491000e-01   7.56246146014000e-01   1.40939007374602e-02
-1.77163942975000e-01  -3.37546775003000e-01  -9.24486404440000e-01   1.70919916654392e-02
-5.09537968795000e-01  -8.59872511538000e-01  -3.14693860440000e-02   1.28379709623968e-02
 8.34150941687000e-01   2.48464587657000e-01   4.92399792002000e-01   1.38484697511565e-02
-9.04379073640000e-01  -4.09885711037000e-01  -1.18710551552000e-01   1.31165512026757e-02
 8.75409805120000e-01   1.38214016490000e-01  -4.63200344070000e-01   1.54404044022237e-02
 3.79782189724000e-01   4.84178027709000e-01  -7.88249405869000e-01   1.48604620077445e-02
-5.11489055489000e-01   7.49669494049000e-01   4.19969755824000e-01   1.78760519261247e-02
 2.02849835640000e-02   9.23024004205000e-01  -3.84207244989000e-01   1.39299522362896e-02
-3.81511747940000e-01  -9.12329143958000e-01   1.48675214037000e-01   1.29296813073500e-02
 4.05908561958000e-01  -2.05439645824000e-01  -8.90523885841000e-01   1.40968749132101e-02
 6.68434480225000e-01  -2.90193272484000e-01  -6.84823488390000e-01   1.60747383767669e-02
-1.79116917546000e-01   8.72883636446000e-01   4.53862630180000e-01   1.48317887495382e-02
 8.90324656836000e-01   2.52153271372000e-01   3.79131551267000e-01   1.58191448051667e-02
-7.78432380654000e-01   5.47547471269000e-01  -3.06976864691000e-01   1.47262576967036e-02
 9.42067831064000e-01   3.33289757807000e-01   3.77642557800000e-02   1.27109289641881e-02
 4.36389785344000e-01   8.71149829042000e-01  -2.25082053053000e-01   1.52359922437653e-02
 9.31215136534000e-01  -3.13814068219000e-01   1.85362078316000e-01   1.41358368883620e-02
 3.00851125973000e-01  -7.59132747633000e-01   5.77240046664000e-01   1.43750075960124e-02
-6.43536426912000e-01  -5.93453534030000e-02  -7.63111391782000e-01   1.17357015802994e-02
-7.79880964577000e-01  -2.20929963311000e-01   5.85641214740000e-01   1.81123559911843e-02
-4.70659987141000e-01   2.38684157362000e-01  -8.49416887947000e-01   1.43129511539052e-02
 5.04317160372000e-01  -6.97947401106000e-01   5.08462021241000e-01   1.36307493772123e-02
 7.54560016109000e-01  -4.39994689600000e-02  -6.54754327072000e-01   1.55778356829431e-02
 8.70508292511000e-01   2.58253002152000e-01  -4.18951906009000e-01   1.65877184372892e-02
 2.73352756174000e-01  -4.24745252406000e-01  -8.63058364915000e-01   1.49006850758202e-02
-2.15205192215000e-01  -1.26022012530000e-02   9.76487536924000e-01   1.47779223034037e-02
 4.35914008137000e-01   8.28919588433000e-01  -3.50530017861000e-01   1.24486843727183e-02
 4.50570114054000e-01  -6.18570829204000e-01  -6.43705446287000e-01   1.49316623902446e-02
-7.98309841688000e-01   3.48591570371000e-01   4.91106214307000e-01   6.52660697368600e-03
-8.49329936660000e-02  -8.11579302752000e-01  -5.78035831009000e-01   1.52941552231206e-02
-1.98629539983000e-01  -8.75667598645000e-01   4.40173332370000e-01   1.51267775267245e-02
 9.48864659771000e-01  -1.52222249889000e-01  -2.76557849421000e-01   1.64751754587528e-02
 9.11207501986000e-01   1.41021861700000e-02   4.11706226172000e-01   1.54126258331873e-02
 8.88413850655000e-01  -2.26672698082000e-01   3.99174545667000e-01   1.37497977321960e-02
-6.52279001951000e-01   3.19560161118000e-01  -6.87323364247000e-01   1.21651031669553e-02
 1.99650530170000e-01  -7.32152492441000e-01   6.51223766163000e-01   1.49788319263371e-02
-6.14431369222000e-01  -2.56023862478000e-01   7.46274664154000e-01   1.64203274415111e-02
-4.71495531280000e-02  -5.56234870933000e-01   8.29686499829000e-01   1.61478696981792e-02
-4.47691833545000e-01   3.55029202857000e-01  -8.20686473202000e-01   1.39217125879739e-02
-9.53242447403000e-01  -2.86111287365000e-01  -9.73096486020000e-02   1.29451685593671e-02
 7.09983308567000e-01   6.99656876658000e-01  -8.00247243070000e-02   1.20516747167130e-02
 9.88435697557000e-01   3.15851481720000e-02  -1.48314699910000e-01   1.61350799860327e-02
-8.86099214410000e-01   8.79355483020000e-02   4.55077489628000e-01   1.75003519867798e-02
 5.15032867400000e-01  -8.54036788371000e-01   7.32277925800000e-02   1.46403071360895e-02
-4.62876247020000e-01   8.85798625505000e-01  -3.32622157830000e-02   1.51556963317983e-02
 1.57856688815000e-01  -8.84855876347000e-01   4.38305080840000e-01   1.35026121761272e-02
-7.05288559359000e-01  -1.79907845197000e-01   6.85712195658000e-01   1.50593502367948e-02
-9.50699064770000e-01  -1.11322037761000e-01  -2.89445490818000e-01   1.84956897405406e-02
-2.76644107776000e-01   9.93195017150000e-02  -9.55826173638000e-01   1.35506620501843e-02
-6.69396232192000e-01  -7.31420564543000e-01   1.30125485940000e-01   1.45027347786347e-02
 5.41033010780000e-02   9.34299701298000e-01   3.52359051206000e-01   1.58106501857595e-02
-4.18762986372000e-01   4.67441744580000e-01  -7.78547221862000e-01   1.57136590932084e-02
 7.16438369475000e-01  -1.69730511929000e-01  -6.76688714302000e-01   1.25562755054195e-02
-7.38088751296000e-01   6.62332493487000e-01   1.28610509995000e-01   1.84330770149814e-02
-7.04238936469000e-01  -6.64606455891000e-01  -2.49691367789000e-01   1.56174014005122e-02
 3.27748400149000e-01   9.28819082383000e-01  -1.72847037584000e-01   1.29406467959840e-02
 5.65883792871000e-01  -7.85494829604000e-01  -2.50546214563000e-01   1.39710561756883e-02
 9.70175468629000e-01  -9.34634192010000e-02   2.23660790800000e-01   1.55881627397559e-02
-7.29012439673000e-01   6.73914262659000e-01  -1.19918428058000e-01   1.48978828501290e-02
 4.97349287403000e-01   8.01527070021000e-01   3.31960904843000e-01   1.42831967733319e-02
-1.03269637967000e-01  -7.50275971880000e-02   9.91819661801000e-01   1.37637508315008e-02
 7.58287314742000e-01  -2.03757900586000e-01   6.19260095800000e-01   1.48861364467679e-02
 7.76070406090000e-01   3.59294654217000e-01   5.18287638519000e-01   1.56613007279206e-02
-8.67507387540000e-02  -9.33282086433000e-01  -3.48509478306000e-01   1.69549057406449e-02
 5.07739767179000e-01  -5.08679674435000e-01   6.95302321039000e-01   1.61514565377650e-02
-5.43837748637000e-01   8.08647645686000e-01  -2.24342346167000e-01   1.52480291899551e-02
 3.14472047699000e-01   6.77018438415000e-01  -6.65397148523000e-01   1.49849603434820e-02
 4.29545528882000e-01   5.65807329141000e-01   7.03812975802000e-01   1.44649391066511e-02
-5.73984679464000e-01   7.99184379551000e-01   1.78454238455000e-01   1.82843027755799e-02
-4.91825437741000e-01   8.11775428167000e-01   3.14846618238000e-01   1.28536687009522e-02
-9.60813200089000e-01  -2.28610219828000e-01   1.56765308424000e-01   1.63482923156361e-02
-6.85367282235000e-01  -5.79322333011000e-01   4.41199867311000e-01   1.68621934478613e-02
 1.99495004228000e-01  -6.35422765227000e-01   7.45948827145000e-01   1.46141612339490e-02
 3.50499852062000e-01  -8.96070187038000e-01   2.72411588606000e-01   1.59814383293720e-02
 4.10397389894000e-01  -8.94653061805000e-01  -1.76549940165000e-01   1.45452345213816e-02
 5.99788397062000e-01  -4.15258218243000e-01   6.83969656441000e-01   1.46949744511435e-02
 9.97187075787000e-01  -5.42833056100000e-02  -5.16842201800000e-02   1.39094232054343e-02
-8.52850248420000e-01  -4.15308933846000e-01   3.16488456721000e-01   1.33288090843179e-02
-3.43725630102000e-01   6.77976559885000e-01  -6.49769555656000e-01   1.51674144772483e-02
-3.94567455871000e-01  -6.95931456148000e-01  -5.99996609250000e-01   1.55674207901608e-02
-9.38838957616000e-01  -2.00393567991000e-01   2.80042549571000e-01   1.05959315617481e-02
 9.31711158084000e-01  -1.03544673042000e-01   3.48127589521000e-01   1.48766950805009e-02
-7.82295307111000e-01   2.52220528814000e-01   5.69560231510000e-01   1.67768936925668e-02
-4.05528944046000e-01  -7.82286243438000e-01   4.72836661933000e-01   1.46454952350563e-02
-3.60634067759000e-01  -7.24476334364000e-01   5.87432643048000e-01   1.59239839641891e-02
-8.77191573180000e-01  -3.54693508305000e-01  -3.23616221949000e-01   1.20472663259822e-02
-4.41374193926000e-01  -8.24413602934000e-01   3.54303587667000e-01   1.37326926854231e-02
-6.72414462245000e-01   1.98583019268000e-01  -7.13038270657000e-01   1.72411558929432e-02
-4.68651799630000e-02   9.59216537044000e-01   2.78760273297000e-01   1.48938513143517e-02
-5.26815133946000e-01   6.75031267071000e-01   5.16525510621000e-01   1.49096385177395e-02
 7.04068073807000e-01   6.56368119862000e-01   2.71051726933000e-01   1.59386217539599e-02
-3.08381608133000e-01  -2.20090702072000e-01   9.25451709505000e-01   1.61837478936540e-02
 5.53193864533000e-01   8.06048435441000e-01   2.10386472869000e-01   1.54706387419810e-02
 1.29762858463000e-01   7.57399866746000e-01   6.39927372767000e-01   1.47888361301783e-02
 9.18892131236000e-01  -3.56515526097000e-01  -1.68919894640000e-01   1.69628983551864e-02
 2.16798871653000e-01  -6.25473294557000e-01  -7.49520784933000e-01   1.49400072168034e-02
-3.56552756495000e-01   2.74960428562000e-01  -8.92898031447000e-01   1.58448303339443e-02
 1.92176085210000e-01   9.81198664498000e-01   1.78194573820000e-02   1.33102654808380e-02
-2.63156329016000e-01  -9.44514780075000e-01   1.96572064952000e-01   1.61714453796628e-02
 4.37197759092000e-01  -8.82071173784000e-01   1.75523684511000e-01   1.31117502763141e-02
-3.24343704143000e-01   4.37848534950000e-01   8.38504515209000e-01   1.68321561058253e-02
 9.24763023280000e-01  -6.71137909030000e-02  -3.74578549631000e-01   1.33663249900426e-02
-1.03585832301000e-01  -6.26338644064000e-01  -7.72638258371000e-01   1.19440963141110e-02
-5.67139593418000e-01   2.78310803263000e-01  -7.75174676035000e-01   1.64930994427438e-02
-1.66715643145000e-01  -5.19517906754000e-01   8.38037611860000e-01   1.44739212624005e-02
 6.86358267698000e-01  -3.10708826387000e-01   6.57550266951000e-01   1.35366108247718e-02
 2.42297696199000e-01  -9.66176330400000e-01  -8.82900050470000e-02   1.54460557092133e-02
-6.51817411878000e-01  -7.13882157940000e-01   2.55942036695000e-01   1.72645990692519e-02
-9.56818814808000e-01   1.45678053017000e-01   2.51546537440000e-01   1.89778297561831e-02
-9.98449687876000e-01  -4.32678814920000e-02  -3.50158708460000e-02   1.50059548243258e-02
-5.73924696476000e-01  -7.98484139773000e-01   1.81751262186000e-01   1.31253814080820e-02
 4.92224693597000e-01  -7.72268266440000e-01   4.01642347946000e-01   1.65840322966399e-02
-3.54671205880000e-02   5.91366306473000e-01  -8.05622724931000e-01   1.42784720666412e-02
 5.51335371024000e-01  -8.12668037129000e-01   1.88679543372000e-01   1.69651977435514e-02
 5.69811169441000e-01  -7.37571039111000e-01  -3.62359204995000e-01   1.41135285595919e-02
 2.80379910890000e-02  -8.42153602304000e-01  -5.38508292585000e-01   1.53101206375888e-02
-1.10677701298000e-01   6.23854140360000e-02   9.91896419265000e-01   1.73975263240144e-02
-8.83539558008000e-01  -4.64296007815000e-01   6.15391465820000e-02   1.71763190399459e-02
 3.40058942780000e-01  -1.33277025239000e-01   9.30911999052000e-01   1.44791715795713e-02
-5.86007308116000e-01   1.57971679749000e-01  -7.94758065849000e-01   1.23929215774790e-02
-5.49476519217000e-01  -2.99061254422000e-01  -7.80152498511000e-01   1.53391799800396e-02
-1.14283689556000e-01   9.74233511840000e-01  -1.94443572044000e-01   1.41268274455021e-02
 9.49598848399000e-01  -3.08376533521000e-01  -5.62666925670000e-02   1.29518322953811e-02
 1.19952997125000e-01  -7.04993305948000e-01  -6.98996221055000e-01   1.42037401043511e-02
-8.62957224578000e-01  -2.72946332782000e-01  -4.25211862451000e-01   1.86435315004898e-02
-9.17081581703000e-01   3.97569644208000e-01  -2.99958414760000e-02   1.71670181670617e-02
-5.83986451013000e-01  -6.46864741414000e-01   4.90434329292000e-01   1.45151389539083e-02
 2.04656778009000e-01   6.54950920813000e-01  -7.27430336555000e-01   1.44750743359544e-02
-5.28780186603000e-01  -6.03214693593000e-01   5.97095928382000e-01   1.60202733965145e-02
-9.17691061893000e-01  -3.34467407217000e-01  -2.14417043238000e-01   1.83656782062435e-02
 3.77802489776000e-01   9.13074025421000e-01   1.53496263212000e-01   1.37883283815949e-02
 3.07583303299000e-01  -6.67813956907000e-01   6.77803091238000e-01   1.50126730008674e-02
 8.14440483743000e-01  -5.10121589620000e-01  -2.76518828008000e-01   1.73473811327857e-02
-1.60663968992000e-01  -8.16778524869000e-01   5.54129885840000e-01   1.58005459008504e-02
 7.46361093166000e-01  -6.36292244580000e-01   1.95134051604000e-01   1.32269837829815e-02
 7.28669442163000e-01  -4.73619926305000e-01  -4.94696886451000e-01   1.60758112337297e-02
 3.97697828100000e-02   8.77904832962000e-01   4.77180750489000e-01   1.47888881857068e-02
-3.61911463104000e-01   9.16862807769000e-01   1.68471613647000e-01   1.48616053956350e-02
-1.62159232197000e-01   9.29386590937000e-01   3.31579474635000e-01   1.60492983711768e-02
-3.36261879350000e-02   9.89084298529000e-01   1.43462642835000e-01   1.45848725840808e-02
 8.43859073483000e-01  -5.35139497452000e-01  -3.90842982160000e-02   1.70106139526481e-02
 6.66864843989000e-01   5.02448373349000e-01  -5.50306198375000e-01   1.64409943183361e-02
-3.46599774783000e-01   2.11123244000000e-03  -9.38010734916000e-01   1.71737365261027e-02
 3.56818140775000e-01   7.66929350131000e-01   5.33385588784000e-01   1.53922711236977e-02
 7.75967495713000e-01   6.30571425875000e-01   1.59412191060000e-02   1.52868250027848e-02
-8.80369602271000e-01   6.46649787870000e-02  -4.69859344822000e-01   1.15431165870830e-02
 8.57162810130000e-01   4.93777792058000e-01  -1.46476650015000e-01   1.49835449519838e-02
-3.28997794959000e-01   3.94220380673000e-01  -8.58108817327000e-01   1.54228983208182e-02
-9.81108760680000e-01   1.65287098998000e-01  -1.00527481919000e-01   1.51742106865334e-02
 5.04481965612000e-01  -4.18106477171000e-01  -7.55436906776000e-01   1.48587039634193e-02
 8.70670477004000e-01  -1.17658777547000e-01  -4.77586989500000e-01   1.68221079499410e-02
 6.39919296092000e-01   1.64704436136000e-01  -7.50583601744000e-01   1.75200802214732e-02
-3.55226606248000e-01  -8.93340339695000e-01   2.75240069190000e-01   1.52124359812338e-02
-1.25539174652000e-01   9.90041012227000e-01  -6.37080037010000e-02   1.51851389061383e-02
 6.55807746446000e-01   7.33793704598000e-01   1.77378123775000e-01   1.56744291517233e-02
 8.91581418399000e-01   4.46851481648000e-01   7.35277343200000e-02   1.50995369323763e-02
 5.15099033660000e-01   6.90233329943000e-01  -5.08183958579000e-01   1.25575046122952e-02
-2.18525905979000e-01   2.61429259149000e-01   9.40160183627000e-01   1.94936553919109e-02
 7.25950236075000e-01   1.53576834655000e-01   6.70380795220000e-01   1.40313849706828e-02
 8.35358327511000e-01   3.91406207854000e-01  -3.85976223505000e-01   1.18039807416352e-02
-1.55177065046000e-01  -6.28851212330000e-01   7.61883344900000e-01   1.48711671931159e-02
 4.47626396639000e-01   4.48555081481000e-01   7.73581894766000e-01   1.41238948736140e-02
 1.09769310390000e-01   9.76213455668000e-01  -1.86970552414000e-01   1.35070082479927e-02
 1.25820620474000e-01  -4.47788568390000e-02   9.91041888844000e-01   1.45483384166015e-02
 4.49534906665000e-01   2.65808722520000e-01  -8.52797801781000e-01   1.58331447183101e-02
-4.11310431332000e-01  -2.83488668483000e-01   8.66289734396000e-01   1.49749207742847e-02
 1.28833820700000e-03   5.11997029084000e-01   8.58986252738000e-01   1.11630581972821e-02
 2.57545575542000e-01   8.97481658399000e-01   3.58046015696000e-01   1.35183591199163e-02
-8.54121327700000e-01   2.19907110440000e-01   4.71293560689000e-01   1.97447869794898e-02
-9.38212857241000e-01   5.21225276380000e-02   3.42110912748000e-01   1.81137258317964e-02
-5.72675102631000e-01  -5.83000366619000e-01  -5.76327857516000e-01   1.63476794579780e-02
-2.28328847486000e-01   3.33952120637000e-01  -9.14517314504000e-01   1.44324220868796e-02
-2.12861115449000e-01   6.20076578237000e-01   7.55112695332000e-01   1.57077851483307e-02
-9.23398814090000e-01  -2.33483315970000e-02  -3.83131159720000e-01   1.35615567022678e-02
 2.73551293776000e-01   1.27245715470000e-02  -9.61773245080000e-01   1.56000037355330e-02
 4.08530116594000e-01  -6.89366501859000e-01   5.98228192206000e-01   1.58576638900739e-02
-2.07636847317000e-01  -9.40237661879000e-01  -2.69889012040000e-01   1.36899289076294e-02
 6.44111540286000e-01  -8.02264472030000e-02   7.60712850450000e-01   1.52641506697255e-02
-5.17261260535000e-01  -7.40372207958000e-01   4.29289857827000e-01   1.67237043577966e-02
-1.40659313092000e-01  -7.25424915552000e-01   6.73775667070000e-01   1.67907304381573e-02
-8.62747708425000e-01   5.05573498064000e-01   7.86318399500000e-03   1.67615386540961e-02
 5.77943133530000e-02  -8.57207006661000e-01   5.11718638584000e-01   1.59685965142346e-02
-6.75347888646000e-01  -4.21221083013000e-01   6.05374287963000e-01   1.67240112068520e-02
-9.02126179118000e-01  -4.11444695500000e-02   4.29506099579000e-01   9.16637764055440e-03
 3.98622355435000e-01  -7.72606806665000e-01   4.94144654978000e-01   1.50597997989226e-02
-3.19200728739000e-01  -8.93154372622000e-01  -3.16837752548000e-01   1.66638049565382e-02
 3.37103695117000e-01   5.15907644195000e-01   7.87528032136000e-01   1.65283219987210e-02
 6.95656876031000e-01   4.58828514670000e-01   5.52754832594000e-01   1.54249858483759e-02
-7.39098967260000e-01   1.59869791234000e-01   6.54350339227000e-01   2.04064403791100e-02
 2.66496111716000e-01   4.65198556400000e-01  -8.44138688584000e-01   1.43952597008045e-02
 6.77319460820000e-01   5.60402509670000e-01   4.76641768156000e-01   1.58082973119520e-02
-5.58354030760000e-01   8.24144162734000e-01  -9.50114486010000e-02   1.52403330634033e-02
-8.94397009504000e-01   3.46487069818000e-01  -2.82843949625000e-01   1.30229126333664e-02
 5.52606174573000e-01   3.74283661172000e-01   7.44673187918000e-01   1.56978574409638e-02
 8.27646822700000e-03   6.24045867713000e-01   7.81343877601000e-01   1.58788909972864e-02
 6.66517807183000e-01  -6.24101939240000e-02  -7.42872115779000e-01   1.64068456339082e-02
 9.50340028126000e-01   2.97346900554000e-01  -9.18621340480000e-02   1.51452019101288e-02
-5.56014048401000e-01   1.37592813653000e-01   8.19705188230000e-01   2.05515164966388e-02
 8.61579298277000e-01  -3.24498276296000e-01  -3.90361347294000e-01   1.73614533013547e-02
-3.20462036536000e-01   6.53696860598000e-01   6.85554153647000e-01   1.15342225980194e-02
 2.22438343965000e-01  -9.43835664644000e-01   2.44326464550000e-01   1.28299261574621e-02
-7.44492337228000e-01   5.13216410261000e-01  -4.27012969413000e-01   1.69683356712287e-02
 5.70600014430000e-01  -1.93137176027000e-01   7.98193995698000e-01   1.36516548060122e-02
 5.96260885245000e-01   7.98710281220000e-01   8.08383782650000e-02   1.28523923704726e-02
 7.15555258177000e-01   6.67763985052000e-01  -2.05114438209000e-01   1.55262335810198e-02
-4.10440055747000e-01   8.16485301636000e-01  -4.06067374768000e-01   1.47384282146478e-02
 2.12637346265000e-01   2.30976912005000e-01  -9.49439321439000e-01   1.50934835947095e-02
 1.14259124230000e-02  -4.25479328245000e-01  -9.04896010468000e-01   1.63100463430824e-02
 4.69467731540000e-01   7.08267692064000e-01   5.27216203678000e-01   1.34469878710446e-02
 9.77507778974000e-01   1.70123209648000e-01  -1.24646041194000e-01   1.29418684334675e-02
 4.29457424142000e-01  -5.26609276678000e-01  -7.33654544432000e-01   1.58458042643783e-02
 8.36223583692000e-01  -2.43091658736000e-01  -4.91565421415000e-01   1.15467206424732e-02
 8.13187794774000e-01   2.03432880688000e-01  -5.45289531795000e-01   1.19447243512659e-02
-1.94653493526000e-01  -7.70667242543000e-01  -6.06780041473000e-01   1.31322585610922e-02
 5.18668489592000e-01   8.54880452614000e-01  -1.27440042420000e-02   1.56634125919351e-02
 7.80809640391000e-01   5.18308696620000e-01  -3.48844378600000e-01   1.42476564855033e-02
 3.16529623096000e-01   1.62889848140000e-02   9.48442758777000e-01   1.59111997032240e-02
-8.15374636210000e-01   5.70590929377000e-01   9.79295355780000e-02   1.32669022105724e-02
-7.68907328873000e-01   3.34630433980000e-02   6.38483942110000e-01   1.49800133735058e-02
 4.68096222184000e-01  -8.29748566778000e-01  -3.03979016885000e-01   1.59602356835686e-02
-7.03922978677000e-01  -1.46106746418000e-01  -6.95086511696000e-01   1.48495636618854e-02
-3.22412384822000e-01   5.52861181279000e-01   7.68371504123000e-01   1.83961554524367e-02
-9.96835283352000e-01   7.94548879970000e-02  -2.51766499800000e-03   1.11588946422091e-02
 5.36580836954000e-01   8.00703460550000e-01  -2.66373748099000e-01   1.72660654771228e-02
-4.38295866670000e-02  -8.12800698969000e-01   5.80890687727000e-01   1.46566746508298e-02
 4.07528513825000e-01   9.12771727775000e-01   2.77179255060000e-02   1.31219590579221e-02
-1.30428945371000e-01   6.52063172500000e-01  -7.46861372196000e-01   1.50347201431610e-02
 1.23028168193000e-01   9.40333391040000e-01  -3.17233641857000e-01   1.57671656191872e-02
-1.79818899080000e-01  -4.01942167586000e-01   8.97834983418000e-01   1.67963781429305e-02
 4.83334359392000e-01  -2.86498949191000e-01   8.27228051473000e-01   1.50166259921711e-02
 1.04736787399000e-01   7.39080416620000e-02   9.91749871058000e-01   1.55676685052173e-02
-8.45158965290000e-02  -9.91606650717000e-01  -9.78433108980000e-02   1.28063346349343e-02
 7.98813230265000e-01  -1.53000487540000e-01  -5.81797450979000e-01   1.67895711660025e-02
-4.25005762232000e-01  -8.27996723508000e-01  -3.65775242369000e-01   1.43202362697811e-02
-8.25283361216000e-01  -4.62165670175000e-01  -3.24515434165000e-01   1.67474080217616e-02
-3.70791029000000e-02  -5.46873990070000e-01  -8.36393435599000e-01   1.76975691022485e-02
 4.37136677565000e-01   8.65580388466000e-01   2.44299235019000e-01   1.43744206905655e-02
-8.52655056730000e-01   4.63341955485000e-01  -2.41440648027000e-01   1.81709912189335e-02
 1.29576498108000e-01  -7.86761045514000e-01  -6.03503925754000e-01   1.59400652859973e-02
-6.92348622557000e-01   4.75715401815000e-01  -5.42538700297000e-01   1.19939386609788e-02
 8.07962078425000e-01  -4.40464182985000e-01  -3.91393131434000e-01   1.16355491436987e-02
 3.20927627220000e-02  -9.52328560661000e-01  -3.03381553708000e-01   1.30953012880872e-02
-5.94011393544000e-01  -8.02923446737000e-01   4.96427539440000e-02   1.63066144500800e-02
 8.71306636974000e-01  -4.84466256299000e-01   7.82124726190000e-02   1.25490410428116e-02
-8.25493874030000e-01  -5.63911047206000e-01   2.37527846560000e-02   1.16708878462234e-02
-3.58466596993000e-01   9.32576554737000e-01   4.24578425740000e-02   1.52380091822826e-02
 3.98320512893000e-01  -9.15515245695000e-01   5.63258724670000e-02   1.65894840276637e-02
-4.69477867014000e-01   8.78303140469000e-01   9.04108722800000e-02   1.45977318992812e-02
 4.33968153077000e-01   2.17381411440000e-01   8.74309421244000e-01   1.69794234238257e-02
 1.98656140201000e-01  -5.26406012200000e-01  -8.26699732841000e-01   1.60624011656806e-02
-8.10678772495000e-01  -3.93176674312000e-01  -4.33834104933000e-01   1.38437595784412e-02
 5.72763986080000e-02   5.18500060544000e-01  -8.53157137565000e-01   1.52882307283991e-02
-6.24284586318000e-01  -6.84729178980000e-01   3.76051468205000e-01   1.31204011943951e-02
-9.26368087498000e-01  -3.76571139361000e-01  -6.02855413600000e-03   1.54178798693388e-02
-7.42248867897000e-01  -6.38172399922000e-01   2.04456856291000e-01   1.29341477479984e-02
 7.70146215095000e-01  -6.36963445575000e-01  -3.39466696060000e-02   1.27008176796038e-02
 6.52023400837000e-01   2.80057193373000e-01  -7.04580338358000e-01   1.25362295959117e-02
 5.17169033504000e-01  -8.41482878812000e-01  -1.56341790481000e-01   1.59917148629701e-02
 3.92531865873000e-01  -4.25481904459000e-01  -8.15404122661000e-01   1.48970580197643e-02
 2.86803020799000e-01   9.53909916242000e-01   8.83170366080000e-02   1.64231417664077e-02
 4.71831147219000e-01  -7.69839844401000e-01  -4.29792953045000e-01   1.56975217364986e-02
 9.44150136958000e-01   2.48479518797000e-01  -2.16421920379000e-01   1.72230875464850e-02
-6.00119893929000e-01  -3.75478538904000e-01   7.06308700027000e-01   1.51953670177611e-02
-8.15559075177000e-01  -3.82423778720000e-01   4.34298800788000e-01   1.78570708626686e-02
-6.16458048579000e-01   6.71344331973000e-01   4.11431965542000e-01   1.01535165438889e-02
 8.27192479908000e-01  -2.77157219020000e-02  -5.61234745845000e-01   1.11938153395443e-02
-5.20784691371000e-01  -9.14059623810000e-02   8.48780451751000e-01   1.57826773264264e-02
-5.37040110472000e-01  -4.99548944131000e-01  -6.79734339402000e-01   1.47413438069404e-02
-5.72318352912000e-01   2.89899492250000e-02  -8.19518935574000e-01   1.61270974245934e-02
-5.50621250782000e-01  -7.75848863202000e-01   3.08017498944000e-01   1.48585435417911e-02
 5.40652423010000e-01   7.27409918199000e-01   4.22575163018000e-01   1.65737661013561e-02
 5.55365599014000e-01   2.74940216393000e-01  -7.84841976987000e-01   1.60110530919440e-02
-6.00226614107000e-01  -6.55358992787000e-01  -4.58511289163000e-01   1.48519647358150e-02
-9.31015424450000e-02  -9.69242909769000e-01  -2.27816339751000e-01   1.43916517263863e-02
 3.36173741700000e-02  -9.98198194627000e-01  -4.97014727920000e-02   1.56440800567432e-02
-1.55567739308000e-01   1.25692550068000e-01  -9.79795928418000e-01   1.56956504793000e-02
-6.25565356875000e-01   4.04951121456000e-01   6.66845239550000e-01   9.23015490461042e-03
-4.52302058404000e-01   8.77706915850000e-01  -1.58282714887000e-01   1.43947126999153e-02
 5.51506488580000e-01   2.62859427298000e-01   7.91672605648000e-01   1.33668707030649e-02
-8.65447110927000e-01  -6.31439961210000e-02  -4.97005164904000e-01   1.95179034780696e-02
-6.99251847707000e-01  -7.02430029404000e-01  -1.32811547952000e-01   1.47627192993921e-02
 6.61110596077000e-01  -7.03321855569000e-01  -2.61287480057000e-01   1.57314716072250e-02
-9.46822420100000e-01   2.56090734223000e-01  -1.94794354746000e-01   1.84343768942288e-02
-1.09749735843000e-01   4.55796114877000e-01   8.83292079182000e-01   1.71929169604405e-02
 8.37188275884000e-01   3.63861649347000e-01   4.08314206044000e-01   1.50258904264591e-02
-1.66337052785000e-01  -9.79283814888000e-01   1.15478113813000e-01   1.28297710507463e-02
 4.19797334097000e-01   7.96827190086000e-01   4.34553365451000e-01   1.43755043329981e-02
-7.82342171634000e-01  -9.49603198340000e-02   6.15567432651000e-01   1.14163702172938e-02
 8.57560672150000e-02  -7.84016311610000e-01   6.14788028563000e-01   1.42063792566443e-02
 8.53611437964000e-01   1.44349591640000e-02   5.20710231253000e-01   1.35182717989897e-02
 7.78098216110000e-02  -5.14160447745000e-01  -8.54157283898000e-01   1.20832622392092e-02
 8.52241268980000e-01   4.48416818427000e-01  -2.69457188436000e-01   1.82574936316323e-02
-7.64153723437000e-01  -3.43923040294000e-01   5.45697745380000e-01   1.42069794132525e-02
-9.36030334800000e-03   9.92050423033000e-01  -1.25492401691000e-01   1.57802236424152e-02
 2.20526859738000e-01   2.40242274143000e-01   9.45331451846000e-01   1.73262965284735e-02
 5.09313455053000e-01  -6.09410915635000e-01   6.07633228524000e-01   1.47634104613858e-02
 1.86424649948000e-01  -5.32663031016000e-01   8.25539790247000e-01   1.52981931868791e-02
 5.56183511151000e-01  -6.01106549929000e-01  -5.73873520522000e-01   1.57305476387185e-02
 7.88977866281000e-01  -3.61499132244000e-01  -4.96822205527000e-01   1.67562809656230e-02
-5.54546513300000e-03   2.81364878171000e-01  -9.59584833742000e-01   1.51592437193999e-02
-9.88911448795000e-01  -1.34577190266000e-01   6.27943174310000e-02   1.12775991833678e-02
 1.53390496068000e-01   8.32771997232000e-01   5.31941873085000e-01   1.68293730102288e-02
-4.30011028353000e-01   1.12933839183000e-01   8.95732361513000e-01   1.29808267665874e-02
 7.57186957758000e-01  -2.72923955951000e-01  -5.93447912853000e-01   1.60310540754459e-02
 9.18771246150000e-01  -2.79579725605000e-01  -2.78737464791000e-01   1.24820207578554e-02
-5.11628373146000e-01   5.01306725376000e-01  -6.97802246259000e-01   1.34521776543019e-02
 1.38342351339000e-01  -9.14662705354000e-01  -3.79807226446000e-01   1.51956830972413e-02
 6.70301500693000e-01  -1.97794587547000e-01   7.15243454571000e-01   1.58381656829904e-02
 6.22431569455000e-01   4.23814586947000e-01   6.57997064763000e-01   1.48396855890132e-02
-9.78227347650000e-02   9.42058141063000e-01  -3.20869399320000e-01   1.49654460987046e-02
 1.53329171880000e-02   7.22856331750000e-01   6.90828216925000e-01   1.69005936079753e-02
 2.25879539277000e-01   9.42546743457000e-01  -2.46138315049000e-01   1.52731447500733e-02
 9.03743922467000e-01  -4.25596836204000e-01  -4.59810354060000e-02   1.56267009520689e-02
-2.91570163107000e-01  -1.11966369987000e-01  -9.49973879629000e-01   1.32878992383290e-02
-2.67991674994000e-01  -6.64978141876000e-01   6.97125908973000e-01   1.41311012701776e-02
-3.74831384925000e-01   8.79512261010000e-01   2.93188703071000e-01   1.65228803349399e-02
 1.14073396259000e-01   1.95558922921000e-01   9.74034890511000e-01   1.39239226149250e-02
 1.25608259302000e-01   8.12433298987000e-01  -5.69363416363000e-01   1.44838975326504e-02
-5.93045605250000e-01   6.87920667640000e-01  -4.18404188707000e-01   1.55569652326612e-02
 7.39938911474000e-01   5.68265719030000e-01   3.59950663095000e-01   1.48038262325465e-02
-6.16075349879000e-01  -7.13555979565000e-01  -3.33600100867000e-01   1.41522506503073e-02
-4.29767207597000e-01   5.79624060669000e-01   6.92341025483000e-01   1.49135237606398e-02
-5.90005333543000e-01   5.43097197929000e-01  -5.97443838358000e-01   1.66476142408235e-02
-7.92089434328000e-01  -1.04912034703000e-01  -6.01321705080000e-01   1.18353208480254e-02
 6.09014551559000e-01  -4.05134268082000e-01  -6.81885254874000e-01   1.62567203524318e-02
-4.26277417796000e-01   6.71670567303000e-01   6.05925913043000e-01   1.86021097403945e-02
-1.87285075720000e-01  -9.82207105620000e-01  -1.39105026060000e-02   1.53702969464482e-02
 2.44644817090000e-02  -9.04714242618000e-01  -4.25315915924000e-01   1.54975330921637e-02
 2.93932958044000e-01   5.74858110864000e-01  -7.63637065987000e-01   1.59233864208469e-02
-3.50610316611000e-01   9.32772340711000e-01  -8.37147913430000e-02   1.49253649927089e-02
 8.96518720097000e-01   3.22346425132000e-01  -3.03886437210000e-01   1.54184521486975e-02
 7.43810568185000e-01  -6.11447225613000e-01  -2.69959495011000e-01   1.23300945087160e-02
 3.68583720895000e-01  -2.58278246844000e-01   8.92994058154000e-01   1.42397306627519e-02
-5.93372407388000e-01   7.44101571945000e-01   3.06956082819000e-01   1.61609621437739e-02
 3.74239573260000e-02   4.74654092820000e-02  -9.98171569591000e-01   1.69903300010806e-02
-7.74862310564000e-01  -5.00261194465000e-01   3.86428695856000e-01   1.34701758148536e-02
 1.46699308902000e-01  -6.59297680000000e-05  -9.89181130239000e-01   1.38747031316374e-02
-6.08337041880000e-01  -7.89360415886000e-01  -8.26811786850000e-02   1.63146040330483e-02
-5.19927436569000e-01  -2.13567770713000e-01   8.27081778312000e-01   1.52319400121743e-02
 7.87641664620000e-02  -9.88069517750000e-02  -9.91984572643000e-01   1.51673807082969e-02
 1.47465110128000e-01   4.35674232842000e-01  -8.87942568037000e-01   1.50156978749599e-02
 7.30565935803000e-01   3.95451516489000e-01  -5.56679002254000e-01   9.95148354861480e-03
-9.83998062489000e-01  -1.65359143106000e-01  -6.63638968790000e-02   1.75517941857666e-02
-3.12485553135000e-01   7.42513111344000e-01   5.92475365365000e-01   1.51136568219462e-02
 3.26743288989000e-01   7.67029873197000e-01  -5.52181126736000e-01   1.34475867581494e-02
-1.85588011420000e-02   9.99771862966000e-01   1.05732171450000e-02   1.41358605090126e-02
-9.20879156419000e-01  -2.35082278990000e-01  -3.10995018254000e-01   1.38473700929836e-02
 3.55485598051000e-01   3.69594009184000e-01  -8.58504663909000e-01   1.55183984389503e-02
-2.16806110503000e-01   5.10105205675000e-01   8.32338746900000e-01   1.04862769537629e-02
-3.24203415964000e-01   3.14064624352000e-01   8.92331528530000e-01   9.01503714469132e-03
 6.51081665837000e-01   2.76320814635000e-01   7.06922535933000e-01   1.66720709146378e-02
 4.91534671006000e-01   8.63115682238000e-01   1.15866243029000e-01   1.60985941944251e-02
-1.12675565105000e-01   2.01416371085000e-01   9.73003423677000e-01   1.40102949907732e-02
-8.60005765480000e-02  -2.05159722508000e-01   9.74942761958000e-01   1.51056683755148e-02
 5.33121767782000e-01   8.34304140914000e-01  -1.40420016988000e-01   1.19115770766836e-02
-6.18500602143000e-01  -1.31277920336000e-01   7.74740674537000e-01   1.30633794720818e-02
 2.16237814780000e-01  -3.15512712380000e-01  -9.23955050739000e-01   1.54828235737835e-02
 7.35228361122000e-01  -8.64896246400000e-02   6.72278812571000e-01   1.43900325653954e-02
 6.02781159848000e-01  -5.19500615925000e-01   6.05618678201000e-01   1.35850424748829e-02
 3.56829743944000e-01  -9.31350690885000e-01  -7.25149944800000e-02   1.53781601142927e-02
-4.26348081403000e-01   4.76387486764000e-01   7.68948812301000e-01   1.04327842291554e-02
 3.41722825536000e-01   4.05027570497000e-01   8.48043735691000e-01   1.52840601485881e-02
-7.71675379249000e-01  -5.66757578219000e-01  -2.88622515741000e-01   1.34257133342007e-02
-2.10898286140000e-01  -3.32355698100000e-03  -9.77502361569000e-01   1.39675276555494e-02
 2.16696340306000e-01  -1.06306508325000e-01  -9.70433729003000e-01   1.45325052757961e-02
-8.22093693649000e-01   1.52940680756000e-01  -5.48426026947000e-01   1.96101694927541e-02
 2.50340194921000e-01  -9.09716083937000e-01  -3.31279992505000e-01   1.35951430158350e-02
-6.91205351782000e-01   6.22355589184000e-01  -3.67299172718000e-01   1.34894185157085e-02
 8.03244002173000e-01  -5.89920204023000e-01   8.24210280150000e-02   1.55956033996876e-02
 2.83665187555000e-01  -2.10745987622000e-01  -9.35478588782000e-01   1.52094903252381e-02
-7.52219964907000e-01  -2.31466696116000e-01  -6.16918384379000e-01   1.82779835362460e-02
-6.52486570596000e-01   7.56629856226000e-01  -4.21014947390000e-02   1.63506043910399e-02
-8.03792959384000e-01   5.92718375027000e-01  -5.10079047760000e-02   1.63560300333413e-02
 3.34282275821000e-01   8.92819048534000e-01  -3.01876641441000e-01   1.66867175301043e-02
-3.22981686772000e-01   5.12141254240000e-02   9.45018488373000e-01   1.70501770674824e-02
 9.04871160160000e-02  -6.11708151905000e-01  -7.85891353005000e-01   1.53541163607572e-02
 1.15009868221000e-01   4.43910398136000e-01   8.88659827290000e-01   1.64722023693638e-02
 1.65564284009000e-01   9.43127353966000e-01   2.88269426164000e-01   1.53205686096170e-02
-4.92163123470000e-01  -8.64689546435000e-01   1.00436289171000e-01   1.59325240697279e-02
 1.88652276596000e-01   9.68375854188000e-01   1.63274381211000e-01   1.42983933718750e-02
-9.46955970557000e-01  -7.48257586570000e-02   3.12530791552000e-01   1.71774442467744e-02
-6.15214561309000e-01  -7.59619552515000e-01  -2.10924581287000e-01   1.42706936534389e-02
-4.92199899474000e-01  -4.46402356872000e-01   7.47304619775000e-01   1.52019457335899e-02
 6.99434935800000e-03  -7.61936704990000e-01  -6.47613724890000e-01   1.41890785085396e-02
-5.09933742311000e-01  -3.32351859302000e-01   7.93416548902000e-01   1.38144543856304e-02
-2.17164419752000e-01   1.24555285630000e-01   9.68155770326000e-01   1.27087161711463e-02
-4.82578229909000e-01   7.40583890321000e-01  -4.67604270098000e-01   1.57053604605078e-02
 1.54045172320000e-01   8.93051460698000e-01   4.22763732397000e-01   1.40061305049958e-02
 2.48856455994000e-01  -7.91728271507000e-01  -5.57886017397000e-01   1.44372384566310e-02
 7.70876914702000e-01  -4.94451397078000e-01   4.01580126882000e-01   1.73484931802662e-02
 1.39975997200000e-01  -1.72656639677000e-01   9.74985335779000e-01   1.46770517264551e-02
 2.39547185271000e-01  -7.14082097549000e-01  -6.57802328963000e-01   1.52278481580906e-02
 6.41183255000000e-03   9.66607058009000e-01  -2.56182910850000e-01   1.55109630889288e-02
-4.37066107324000e-01   6.93636700730000e-01  -5.72574314154000e-01   1.48608153716422e-02
 5.62090739968000e-01   3.91629789854000e-01  -7.28477939091000e-01   1.48144161903351e-02
 3.49048827030000e-02  -2.54852280971000e-01   9.66349814533000e-01   1.43393346004606e-02
-4.17446849559000e-01  -1.57927867956000e-01   8.94872569876000e-01   1.43121497806118e-02
-7.80504692480000e-02   8.47022499696000e-01   5.25795596463000e-01   1.65459927712182e-02
-7.31696646048000e-01  -4.64350933433000e-01   4.98997223221000e-01   1.39006085958273e-02
 2.30861235992000e-01   8.97304694218000e-01  -3.76227823865000e-01   1.31695831317640e-02
-8.34263888528000e-01  -1.89993128186000e-01  -5.17596730612000e-01   1.38157956487424e-02
-2.18389145183000e-01   3.89469590431000e-01   8.94773501728000e-01   1.72737582994398e-02
-4.26941034911000e-01   2.31217336950000e-01   8.74219592438000e-01   1.91544620125107e-02
 9.66290408355000e-01  -1.97838443421000e-01   1.64750711760000e-01   1.36730473986506e-02
 8.32821068361000e-01  -2.20652503499000e-01   5.07662821953000e-01   1.46575162708483e-02
 8.56448409040000e-02   9.92509320938000e-01   8.71218059870000e-02   1.66520089214163e-02
 8.01709115102000e-01  -5.77094590915000e-01  -1.55641665046000e-01   1.54615807666390e-02
 9.76794221365000e-01   2.14174176724000e-01   1.57198333400000e-03   1.66446360747853e-02
 8.79030566234000e-01   1.33267179430000e-01   4.57760988413000e-01   1.55130649225394e-02
-6.24688154559000e-01   4.34670400231000e-01  -6.48711301518000e-01   1.56686991901031e-02
 8.20013455603000e-01   4.70964376420000e-01   3.25223751861000e-01   1.59901979688796e-02
 4.57399869616000e-01  -1.68375534922000e-01   8.73175262198000e-01   1.59841491011059e-02
 8.61993126847000e-01   4.65055481454000e-01   2.01720718910000e-01   1.35319431811303e-02
 5.95249419341000e-01   6.00745061723000e-01  -5.33651102866000e-01   1.59148197080194e-02
 9.32945778790000e-02   9.94169276451000e-01  -5.40700610270000e-02   1.49280688099275e-02
 2.78519140327000e-01   8.39729794233000e-01   4.66134059204000e-01   1.60706386332327e-02
-2.78261063691000e-01   8.83789943912000e-01   3.76146401650000e-01   1.35896462020508e-02
 6.89326584527000e-01  -4.18564517688000e-01   5.91297390826000e-01   1.65757665362349e-02
 8.83933518613000e-01  -4.24394754284000e-01   1.96343136391000e-01   1.54664579142662e-02
 8.40398507370000e-02   1.85911663060000e-01  -9.78965861012000e-01   1.61182401438152e-02
-2.87056987620000e-01  -9.55496795253000e-01   6.80011773400000e-02   1.64048870406935e-02
-3.84364802080000e-01   5.75250632993000e-01  -7.22045987568000e-01   1.59708293445946e-02
-7.17273557190000e-02  -8.77734638520000e-01   4.73747919028000e-01   1.38609530462377e-02
 2.91102474770000e-02   8.09315217577000e-01   5.86652769609000e-01   1.32426256877217e-02
 3.34084500255000e-01   2.88195443334000e-01   8.97402325120000e-01   1.27173834704433e-02
 6.12449536395000e-01   4.73474025900000e-02  -7.89090482035000e-01   1.46618816801843e-02
-7.13961624150000e-01   5.65686469296000e-01   4.12622851642000e-01   1.36249288629066e-02
 5.41277065903000e-01  -7.88885641600000e-02   8.37135432515000e-01   1.50824024004316e-02
 6.27696699655000e-01   7.18525195377000e-01  -2.99530293710000e-01   1.12149755580978e-02
-9.12516225556000e-01   3.59884340062000e-01   1.94415534037000e-01   1.82663744462625e-02
-2.03874180111000e-01  -8.98653006740000e-01  -3.88404547038000e-01   1.43105334899738e-02
-7.30938217360000e-02  -3.29521456105000e-01   9.41314454999000e-01   1.54835588844396e-02
 9.22949506611000e-01   1.90158119068000e-01  -3.34670133116000e-01   1.25791569225482e-02
 8.67107460073000e-01  -4.71054863863000e-01  -1.61962859684000e-01   1.23046100621496e-02
 1.34183297300000e-03   2.67202700396000e-01   9.63639412013000e-01   1.87457139687400e-02
 9.54689794474000e-01   1.86813779570000e-02   2.97015828611000e-01   1.39772464114707e-02
 3.32522319341000e-01   8.40043001050000e-01  -4.28668477412000e-01   1.58243964949172e-02
-7.30512238275000e-01  -4.37982454216000e-01  -5.23949653621000e-01   1.73597985468896e-02
-8.93812041080000e-02   7.69288167290000e-01   6.32618934288000e-01   1.53878237620683e-02
 7.22971079885000e-01  -6.74627795573000e-01  -1.48963603241000e-01   1.66957980061502e-02
 7.09473881525000e-01   6.24825081121000e-01  -3.25945439355000e-01   1.80683131397851e-02
-6.36668956547000e-01  -5.39145898374000e-01   5.51338679974000e-01   1.41227590867744e-02
 3.15920919987000e-01  -5.29571256341000e-01  -7.87240914061000e-01   1.40765429197081e-02
-8.95279763000000e-02   8.21958110007000e-01  -5.62467427371000e-01   1.53759740837942e-02
 5.68113986461000e-01  -6.75027007215000e-01  -4.70728199620000e-01   1.50779808059512e-02
 7.89977659439000e-01   6.03101520513000e-01  -1.10471052963000e-01   1.76954583408529e-02
 3.15274312599000e-01  -9.35995224833000e-01   1.56572816624000e-01   1.58290259014892e-02
 4.94822139863000e-01   6.17183862858000e-01   6.11747602635000e-01   1.62545720045565e-02
 5.36981836735000e-01  -5.14401236124000e-01  -6.68611901847000e-01   1.36638998866563e-02
-9.59486371691000e-01  -2.04290877476000e-01  -1.94039016485000e-01   1.38807644983194e-02
 5.06556318223000e-01   3.72150948840000e-02  -8.61403351039000e-01   1.68825966583476e-02
-1.28953072958000e-01   2.49680410301000e-01  -9.59703494672000e-01   1.55040517184434e-02
 6.81974614434000e-01  -7.30734084125000e-01  -3.06320676040000e-02   1.51636020843957e-02
 6.66015696140000e-02   9.73627196904000e-01   2.18207040155000e-01   1.44625389375049e-02
-7.16945299553000e-01   6.52545478749000e-01  -2.45303558091000e-01   1.55810644376194e-02
-1.89808331432000e-01   8.44605336854000e-01  -5.00614244980000e-01   1.28788089847944e-02
 2.19152128415000e-01   8.63118937120000e-02   9.71865526508000e-01   1.53419842771252e-02
-1.13061992466000e-01   7.47135365417000e-01  -6.54985291135000e-01   1.42831617954892e-02
 6.06974998238000e-01   4.05365772420000e-02   7.93686422600000e-01   1.47527981209730e-02
-2.50573023476000e-01   9.60479537459000e-01   1.21211459973000e-01   1.49147216187159e-02
-3.21601693548000e-01   1.83414579651000e-01   9.28941032939000e-01   1.41108387378197e-02
 7.60605714258000e-01   4.61120159228000e-01  -4.56997971759000e-01   1.82429652588198e-02
 9.64293613395000e-01  -1.80262182210000e-02  -2.64221275871000e-01   1.45055983679594e-02
 5.78897245919000e-01  -8.14566942213000e-01  -3.68602132580000e-02   1.60488948317955e-02
-6.24905677503000e-01   7.21919132971000e-01  -2.97196331865000e-01   1.57982757428362e-02
-4.19157572213000e-01  -7.68418330876000e-01  -4.83570262145000e-01   1.54771936704791e-02
-5.22600434141000e-01   7.78215035190000e-01  -3.48238632607000e-01   1.38117359819233e-02
-7.47520438062000e-01   2.39707963182000e-01  -6.19478237767000e-01   1.49374825603234e-02
-6.53213448067000e-01   7.52025008994000e-01   8.81508769770000e-02   1.38636683475877e-02
-5.21909675049000e-01   3.90614758469000e-01   7.58307590333000e-01   1.34000210517882e-02
-2.70497749102000e-01  -5.72913442011000e-01   7.73693192224000e-01   1.58649593208014e-02
-3.38513665519000e-01   9.17589276308000e-01  -2.08418852940000e-01   1.49558696349580e-02
-3.16869978515000e-01  -8.42976725891000e-01  -4.34722504964000e-01   1.42964248869132e-02
-5.65547090382000e-01   8.23825240511000e-01   3.83205122210000e-02   1.44455796685544e-02
 6.50936775246000e-01   3.95604421282000e-01  -6.47903122769000e-01   1.69283306086558e-02
-3.12850527099000e-01  -8.92401038480000e-02   9.45600735807000e-01   1.31083189996708e-02
-1.00782993731000e-01   3.69749142461000e-01  -9.23649478874000e-01   1.48822214007947e-02
-2.42314713792000e-01  -4.37831629250000e-01  -8.65786950646000e-01   1.59774140503346e-02
-3.40385996020000e-02   1.52978674980000e-01  -9.87643102916000e-01   1.33829601019075e-02
 7.70789675646000e-01  -3.13600465370000e-01   5.54561109380000e-01   1.57705269705910e-02
 9.63640959415000e-01   1.14860167079000e-01  -2.41253483614000e-01   1.49929245375607e-02
-6.29153034299000e-01   5.90108336306000e-01   5.05903756513000e-01   2.02653607767322e-02
 8.09005075690000e-02  -3.18591804083000e-01  -9.44433359346000e-01   1.43106423861447e-02
-6.57020497199000e-01  -2.69253367519000e-01  -7.04149622126000e-01   1.22768989431431e-02
-6.64122254560000e-02  -9.97214697483000e-01   3.39450060320000e-02   1.64830228307218e-02
-4.05051354600000e-02  -9.09709680170000e-02  -9.95029455333000e-01   1.40872673108487e-02
-5.76940998870000e-01  -4.89954162372000e-01   6.53516642938000e-01   1.40292752644364e-02
 7.65036506952000e-01  -5.68428416307000e-01   3.02668595274000e-01   1.37999267686917e-02
-4.23794571180000e-01  -8.72992462737000e-01  -2.41417318025000e-01   1.38967891425779e-02
-4.86239312734000e-01  -2.08642306559000e-01  -8.48551541549000e-01   1.20460633324073e-02
-8.43339524670000e-02   8.92128167538000e-01  -4.43841319782000e-01   1.57370831308269e-02
-8.95079799120000e-02  -8.79727164092000e-01  -4.66977984803000e-01   1.35421834144674e-02
-5.24123429985000e-01  -8.00660791465000e-01  -2.90235985282000e-01   1.60598837207879e-02
-5.32117098180000e-01   4.95688477177000e-01   6.86399539203000e-01   2.05952107872553e-02
-4.16298045879000e-01  -9.02295376142000e-01  -1.12066904968000e-01   1.70341088182676e-02
 8.24082560217000e-01  -5.30358278787000e-01   1.99017662705000e-01   1.66632624959457e-02
 6.77235539330000e-01  -6.69925091071000e-01   3.04224253837000e-01   1.77628711180510e-02
-9.76173236952000e-01  -1.05223187528000e-01   1.89773265410000e-01   1.73184391960629e-02
-8.45276302030000e-02   2.12185855640000e-02  -9.96195187380000e-01   1.50596629233473e-02
-7.89496591621000e-01   5.23305115004000e-01   3.20697502999000e-01   1.25820515563152e-02
-5.21415015278000e-01  -7.47106274797000e-01  -4.12260349780000e-01   1.51800664892409e-02
 4.01812098405000e-01   5.92445678974000e-01  -6.98251498416000e-01   1.36378603180382e-02
-8.54697155828000e-01  -4.74757048378000e-01  -2.09996468625000e-01   1.47637017991871e-02
-5.59888199400000e-03   1.38029829283000e-01   9.90412246869000e-01   1.33132929618454e-02
-6.51777694124000e-01   5.83698475023000e-01  -4.84233340135000e-01   1.57356021250249e-02
-6.00815418115000e-01  -3.87827260041000e-01  -6.99007045547000e-01   1.73371002550931e-02
 7.46955462892000e-01   6.49012250249000e-01   1.44362860468000e-01   1.31364028826130e-02
 8.14972952833000e-01  -9.91635122800000e-02   5.70951560102000e-01   1.50772491993668e-02
 3.70574015896000e-01  -8.40440299417000e-01  -3.95392212693000e-01   1.38756033735751e-02
-7.17878524366000e-01   3.83510949581000e-01   5.81007552279000e-01   2.40941040282375e-02
-2.98266898095000e-01   5.05112411307000e-01  -8.09875490088000e-01   1.41180735765272e-02
 7.38250598575000e-01   2.84129881244000e-01  -6.11764876639000e-01   1.77215715846676e-02
 9.58772435828000e-01  -2.31290479706000e-01  -1.65106421114000e-01   1.54606720763101e-02
 4.79511173880000e-02  -3.78007093900000e-01   9.24560072306000e-01   1.54665241938872e-02
-8.78491717385000e-01   1.91207955512000e-01  -4.37826244343000e-01   1.37102168440837e-02
-9.90047077393000e-01   4.36163234040000e-02  -1.33807327447000e-01   1.83145830338892e-02
 6.54473318888000e-01  -7.30796452580000e-01   1.93910339487000e-01   1.43010128014896e-02
 4.99508032105000e-01  -3.99838942805000e-01   7.68518409460000e-01   1.41646361286253e-02
 5.65869303200000e-02  -9.94919592716000e-01   8.32641780560000e-02   1.26955663144205e-02
 1.53115641215000e-01  -3.02184528413000e-01   9.40871995121000e-01   1.49456548016210e-02
 1.48893859871000e-01  -4.17591454974000e-01  -8.96352606526000e-01   1.47658932899794e-02
-9.00861412387000e-01  -1.49103279500000e-01  -4.07697102902000e-01   1.20831226739337e-02
-8.20263117985000e-01   1.24983042472000e-01   5.58164542378000e-01   8.42256474767064e-03
-6.05644307850000e-02  -4.47620137386000e-01   8.92170478289000e-01   1.34801016366252e-02
-5.01569509588000e-01  -6.81293502325000e-01  -5.33167132091000e-01   1.42888922048930e-02
 7.68830700874000e-01  -4.13678574398000e-01   4.87616027708000e-01   1.17445225250502e-02
-8.15813488798000e-01   2.40015088580000e-02  -5.77816821378000e-01   1.40195204895760e-02
 3.89331672034000e-01  -3.75765755231000e-01   8.40964295524000e-01   1.56823764851509e-02
 1.22843822633000e-01   6.65056844693000e-01   7.36619839923000e-01   1.28614874368225e-02
 6.01277232645000e-01   5.40919403517000e-01   5.88108738586000e-01   1.43169335857436e-02
 4.63574488549000e-01   3.82963977956000e-01  -7.99022706282000e-01   1.36799803060641e-02
-7.99494440137000e-01   4.39848170578000e-01   4.09074842821000e-01   2.28744575548678e-02
-6.79538080621000e-01   7.26227929260000e-02   7.30036935321000e-01   1.17413734993234e-02
-5.23733716250000e-01   2.56932565099000e-01   8.12212196076000e-01   7.61773043642186e-03
-8.45828335798000e-01   4.93194041922000e-01   2.03307804507000e-01   2.17878916544847e-02
 1.47649015635000e-01  -2.11171283322000e-01  -9.66233127812000e-01   1.46082391688146e-02
-6.99039032016000e-01   2.82462479879000e-01   6.56931791877000e-01   8.14134803919604e-03
-4.89735958526000e-01  -4.11324582981000e-01  -7.68746237949000e-01   1.27381355473756e-02
-4.68342773143000e-01  -5.54975632309000e-01   6.87500614100000e-01   1.39261786604447e-02
 2.74406901623000e-01  -9.40242111601000e-01  -2.01607598848000e-01   1.54537272539695e-02
-1.09346685661000e-01   3.31783650828000e-01   9.36996750997000e-01   1.01229587753808e-02
 2.10263406710000e-02  -9.82911104833000e-01  -1.82876059106000e-01   1.68907559386999e-02
 6.29272773270000e-01   7.57118104838000e-01  -1.75464959883000e-01   1.69695619548713e-02
-9.75043919574000e-01   1.97486412640000e-02   2.21131965285000e-01   9.34716332662390e-03
 6.15714472919000e-01   6.67154167248000e-01  -4.19286304287000e-01   1.67359537567387e-02
 6.99161023822000e-01   3.69745535170000e-02   7.14007524583000e-01   1.45576543198049e-02
-3.80692870863000e-01   1.45680251040000e-01  -9.13153986210000e-01   1.54000948021960e-02
-1.10480772739000e-01  -2.20669510514000e-01  -9.69071187264000e-01   1.31674228065689e-02
-2.43857647307000e-01  -7.50669362487000e-01   6.14026836606000e-01   1.32347341850441e-02
-3.15919097489000e-01  -9.29294555172000e-01  -1.91328914617000e-01   1.42418033171489e-02
-6.09596370032000e-01  -2.52073988000000e-04   7.92711928825000e-01   1.59453234144987e-02
 6.46298058839000e-01   6.53845193795000e-01   3.93427606673000e-01   1.41710565198043e-02
 9.01681688310000e-02  -9.74147676515000e-01   2.07137649088000e-01   1.56126262257598e-02
 5.29859761570000e-01   7.53399104050000e-01  -3.89407785087000e-01   1.59584282383764e-02
 4.69634644189000e-01  -8.81657136053000e-01  -4.60868248520000e-02   1.34769990786925e-02
-2.83017014876000e-01  -4.61909167666000e-01   8.40560105000000e-01   1.39628796168281e-02
 5.95114310109000e-01  -6.91347273232000e-01   4.09729063769000e-01   1.47174038488456e-02
-6.01003587570000e-01  -1.80944441904000e-01  -7.78494570740000e-01   1.74482836319404e-02
 4.49233030629000e-01   3.33763136344000e-01   8.28729058866000e-01   1.56836080619150e-02
 9.87623905214000e-01   1.25222802439000e-01   9.44366009520000e-02   1.33396225861838e-02
-4.68683002187000e-01  -6.02931119139000e-01  -6.45608479680000e-01   1.43052269454267e-02
 1.86668927303000e-01  -9.74451797865000e-01   1.24893575564000e-01   1.64253086947063e-02
-3.85115003759000e-01  -6.35750372613000e-01   6.68960310932000e-01   1.63088379227020e-02
 3.93454326162000e-01   2.65710926470000e-02  -9.18960102649000e-01   1.30943942193156e-02
-2.06327431625000e-01   7.17186123878000e-01   6.65637329689000e-01   1.75958155167953e-02
 5.18606122735000e-01  -1.96860992468000e-01  -8.32041729186000e-01   1.55798266477827e-02
-2.98248172695000e-01  -5.35259349483000e-01  -7.90281884061000e-01   1.38347277735447e-02
 5.67771890039000e-01  -7.49623064710000e-02  -8.19765657667000e-01   1.30571269262439e-02
 8.90543402163000e-01  -3.34662378200000e-01   3.08112871333000e-01   1.51537312180251e-02
 3.60135174436000e-01  -8.89131087556000e-01  -2.82397884687000e-01   1.48610881071625e-02
-4.15553639149000e-01  -2.75982805220000e-02   9.09149881979000e-01   1.62189214113450e-02
 2.90134256236000e-01  -4.58014455686000e-01   8.40264762882000e-01   1.47156934465158e-02
-4.35650190673000e-01   8.54499006591000e-01  -2.82914048965000e-01   1.57577414457715e-02
 2.51200538756000e-01  -2.17856421952000e-01   9.43099607010000e-01   1.54228841350863e-02
 8.37684705299000e-01  -4.45959825097000e-01   3.15284266824000e-01   1.38271814768117e-02
-9.29299692907000e-01  -3.49457064191000e-01   1.19506656924000e-01   1.22483110851054e-02
-2.97692659628000e-01   8.19813359015000e-01   4.89167800232000e-01   1.73221982462762e-02
-6.67137629419000e-01  -5.52849363059000e-01  -4.99284453171000e-01   1.42893908890844e-02
-4.29938700669000e-01  -3.21646978932000e-01  -8.43620729126000e-01   1.70138549016647e-02
-8.25559870557000e-01   4.33020369625000e-01  -3.61862210814000e-01   1.19918406398142e-02
 9.33907580719000e-01  -2.15797210357000e-01   2.85040689511000e-01   1.54269838530545e-02
 5.37328672371000e-01   1.57111081182000e-01  -8.28609682551000e-01   1.27541275173938e-02
 5.01723073459000e-01   6.01783306249000e-01  -6.21394246738000e-01   1.57196506606869e-02
 2.23969204120000e-02   8.59918176694000e-01  -5.09940297826000e-01   1.44734333226523e-02
-7.20136002194000e-01  -6.12861885360000e-01   3.25275956407000e-01   1.48030089069191e-02
 3.64348717954000e-01  -7.81389336382000e-01  -5.06636671308000e-01   1.49455166448176e-02
-1.66523710422000e-01   5.52819280450000e-01  -8.16492925279000e-01   1.55456834765163e-02
-8.65870537135000e-01   3.16637303181000e-01   3.87309993617000e-01   1.75774123040006e-02
