 0.00000000000000e+00   0.00000000000000e+00   1.00000000000000e+00   1.04739940264380e-02
 9.96972891319000e-01   0.00000000000000e+00  -7.77499451740000e-02   1.78538470440252e-02
-9.82581060536000e-01  -1.78228496639000e-01   5.26218819720000e-02   1.43651999597186e-02
 7.83068336711000e-01   6.21935399592000e-01  -5.82043422000000e-04   1.69079005937576e-02
 4.95365041556000e-01   8.04616360278000e-01   3.27423255707000e-01   1.55904051592632e-02
-2.68566696162000e-01  -7.34252990559000e-01   6.23493765460000e-01   1.57065125730888e-02
-5.18797826849000e-01   8.54890674061000e-01   3.27875898300000e-03   1.45123186712136e-02
-9.60017419086000e-01  -1.08846768613000e-01   2.57912651907000e-01   1.37152551377335e-02
-6.76207321898000e-01  -3.84601345320000e-01  -6.28351384967000e-01   1.71455054673552e-02
-2.24573966429000e-01   9.68876550694000e-01  -1.04138192409000e-01   1.69520615919286e-02
-8.50989429348000e-01  -1.28055589111000e-01  -5.09331677039000e-01   1.32975361753646e-02
-1.17034299758000e-01  -3.82618734103000e-01  -9.16463789243000e-01   1.37321835357370e-02
-2.42832540611000e-01  -3.71800943221000e-01  -8.95989071273000e-01   1.40323333102992e-02
 1.18185369053000e-01   5.36531573563000e-01   8.35563336386000e-01   1.18809084097433e-02
 3.87868988733000e-01  -1.78294868797000e-01   9.04305582942000e-01   1.45032001056799e-02
 7.62262920998000e-01  -6.07812974675000e-01  -2.22527811946000e-01   8.71650511030435e-03
-2.05458031773000e-01  -8.86163211920000e-01   4.15333310752000e-01   2.04701561429657e-02
-4.00891098554000e-01   1.29678481055000e-01   9.06901217692000e-01   2.52397916275644e-02
-1.61632828627000e-01   9.63162162784000e-01  -2.14926677945000e-01   1.28426303727738e-02
-2.96311835751000e-01  -4.53648551960000e-02  -9.54013273444000e-01   1.50387236980294e-02
-9.83477624389000e-01   1.05232740135000e-01  -1.47301842246000e-01   1.61605522390530e-02
 9.39292243275000e-01   3.40048361396000e-01   4.57951267550000e-02   1.09641562419550e-02
 4.08621574170000e-01  -9.11467140107000e-01  -4.74980170890000e-02   1.17951173088939e-02
-8.46440610041000e-01   7.46054415840000e-02   5.27230805018000e-01   1.49656727019870e-02
 9.22328935836000e-01   3.51691018398000e-01   1.60071114503000e-01   1.97146487701280e-02
-5.62816608531000e-01  -1.84414466096000e-01   8.05747336239000e-01   2.18341483980652e-02
 6.88770932121000e-01  -3.31452962570000e-02  -7.24220955511000e-01   1.32733434931552e-02
-6.93721949430000e-02  -9.58534292457000e-01  -2.76404610587000e-01   1.05698007858874e-02
-6.65367647350000e-02  -7.36186242601000e-01   6.73500315622000e-01   1.50609795610399e-02
 1.70865010346000e-01   1.29086130112000e-01   9.76801883317000e-01   1.46007192855017e-02
-1.71065460940000e-01  -2.67826821378000e-01   9.48158953881000e-01   2.71456082469841e-02
 7.82472530470000e-02   9.00604217443000e-01   4.27538782935000e-01   1.51302009693840e-02
-3.73974701880000e-02   9.99300353112000e-01   4.83212208000000e-04   1.67347573436768e-02
 7.22143991034000e-01  -5.19175144604000e-01  -4.57127143625000e-01   1.46688203288443e-02
-3.41170368472000e-01   9.32454689983000e-01   1.18874012317000e-01   1.05761607606182e-02
 9.13627041301000e-01   1.76498936890000e-01  -3.66242753758000e-01   1.42420743715979e-02
 9.81587060638000e-01   9.77512783820000e-02  -1.64108287304000e-01   1.48525202232420e-02
-1.75564913877000e-01  -3.85061463639000e-01   9.06037874614000e-01   1.55709877899890e-03
 3.59573592270000e-02   6.20723016752000e-01   7.83204957078000e-01   2.17356807945822e-02
 8.93221107164000e-01  -3.78010326417000e-01   2.43442491853000e-01   9.19522484776165e-03
-8.54118167296000e-01   5.19991968523000e-01  -9.51362007300000e-03   1.23212209553464e-02
-9.03411487018000e-01   2.11422207602000e-01   3.73025917673000e-01   1.43923885618574e-02
 7.52764931978000e-01  -3.04805260431000e-01   5.83471259274000e-01   9.90305238991048e-03
 8.26162624100000e-01  -8.86841972500000e-02  -5.56408511526000e-01   1.22904031692632e-02
-9.07365714256000e-01  -4.58430903620000e-02  -4.17834742043000e-01   1.10167976757318e-02
 8.38674106059000e-01   3.83585781448000e-01  -3.86636382273000e-01   1.45765375052729e-02
-8.89189043970000e-01   8.15899688750000e-02  -4.50206531564000e-01   1.31530962097501e-02
-9.54535134767000e-01   1.41999887239000e-01  -2.62104384777000e-01   1.41906587139638e-02
-8.12431876189000e-01  -4.43776991390000e-01   3.78175129358000e-01   1.45566730022185e-02
-6.14668305740000e-01   4.56734263512000e-01   6.43099281956000e-01   7.58458166076894e-03
 3.06948964000000e-03  -9.86966630690000e-01   1.60895767932000e-01   9.47219111388667e-03
-7.89952684686000e-01  -4.63954114860000e-02  -6.11410027519000e-01   1.27284497502683e-02
-5.21727387399000e-01   7.63220583448000e-01  -3.81175647490000e-01   1.88795702132187e-02
 9.01106211710000e-02   9.95931340665000e-01   9.16860649000000e-04   1.66898283160966e-02
 5.47947478344000e-01   7.33115134480000e-01   4.02859479934000e-01   1.66377070835313e-02
-8.42270171800000e-03   5.25448072931000e-01   8.50783980073000e-01   8.64100772138693e-03
-3.62614348616000e-01  -1.53787438641000e-01  -9.19162802714000e-01   1.08841291307787e-02
-7.09660567510000e-01   6.88359325827000e-01   1.50144322130000e-01   1.64377129325481e-02
-5.69469411805000e-01  -1.26207289567000e-01  -8.12266156551000e-01   1.69171368555557e-02
 4.63325320655000e-01   8.85999474358000e-01   1.82914919320000e-02   1.62301106714405e-02
 9.88049242055000e-01   1.25824672126000e-01   8.90328431500000e-02   1.61595016462791e-02
-9.12546938245000e-01   4.08914451552000e-01  -6.85979681800000e-03   1.54508928099058e-02
 2.81792257495000e-01  -2.41124933200000e-01   9.28682879247000e-01   1.40372484743696e-02
 4.14783752898000e-01  -7.30154896339000e-01   5.42980907292000e-01   8.81228776778448e-03
-3.96034144690000e-01  -4.69085834794000e-01   7.89376612166000e-01   1.83888912628134e-02
 7.53119395631000e-01  -6.57506022929000e-01   2.22936254720000e-02   9.70613069464809e-03
-8.54330924993000e-01  -3.99497714473000e-01  -3.32445855337000e-01   1.16749134976149e-02
 7.02330428270000e-01  -6.57902370036000e-01   2.71838998356000e-01   2.09620425921448e-02
-3.29401105392000e-01   7.77060217581000e-01   5.36350939236000e-01   5.08818991981437e-03
 9.25584459762000e-01  -2.54506173130000e-01  -2.80214231770000e-01   1.13416466001869e-02
 8.61866730317000e-01  -1.73126139133000e-01  -4.76668731008000e-01   1.38047319304686e-02
-7.43882260610000e-01   6.50343317486000e-01  -1.53924500163000e-01   1.06279150689676e-02
-9.86019999867000e-01   1.58049444489000e-01   5.27724640290000e-02   1.48477263993528e-02
 3.43422352076000e-01   4.56188930735000e-01  -8.20946251328000e-01   1.50186358731031e-02
-3.40898203420000e-02   2.16432245369000e-01   9.75702294408000e-01   1.26407663791459e-02
 6.62106849154000e-01   3.92294899955000e-01   6.38528959227000e-01   1.33975968714992e-02
-6.17143323083000e-01  -7.04457794918000e-01   3.50532928486000e-01   7.79960188726086e-03
-8.77317131436000e-01  -3.37724751232000e-01   3.40964284485000e-01   1.86903568050351e-02
-1.37713797829000e-01  -1.38120949020000e-02   9.90375754914000e-01  -9.10463023759978e-04
-4.16107550629000e-01  -4.35727602409000e-01  -7.98120268386000e-01   1.02634322678495e-02
 3.73555412181000e-01   3.41210619117000e-01  -8.62572702694000e-01   1.56799629727840e-02
-8.11675510087000e-01  -2.50484422061000e-01   5.27674540441000e-01   1.86699227108308e-02
 5.83915213496000e-01  -7.14393467036000e-01  -3.85596936844000e-01   1.61813999449684e-02
-9.10554514778000e-01   1.74808261373000e-01  -3.74609860219000e-01   1.21338252668362e-02
-8.01054223687000e-01   5.91790331457000e-01   8.99796327390000e-02   1.61204022804796e-02
-8.25552356933000e-01   4.22523218691000e-01   3.74082124178000e-01   1.48862022897024e-02
-4.39278424530000e-02   2.56600779302000e-01  -9.65518712775000e-01   1.77540689787818e-02
 5.98473834488000e-01  -7.55477780549000e-01  -2.66612813889000e-01   9.41810723833276e-03
 4.63207873171000e-01   2.76286761690000e-02   8.85818899373000e-01   1.18742946469729e-02
-6.47062404608000e-01   4.13571273840000e-01  -6.40522478917000e-01   1.36102682458684e-02
-7.17952628619000e-01   3.14075721633000e-01  -6.21208873198000e-01   1.35904901745587e-02
-2.05102905755000e-01   3.85158092710000e-01  -8.99769993760000e-01   1.83938636624654e-02
-1.83918566825000e-01  -5.97258508257000e-01   7.80676780167000e-01   1.88912658169032e-02
-5.02469354920000e-02   6.39130698348000e-01  -7.67455012299000e-01   1.09120214313113e-02
-4.12350520967000e-01   5.95729761732000e-01   6.89255467041000e-01   1.08279884705066e-02
 2.81340239598000e-01   8.36800646804000e-01   4.69693886581000e-01   1.14849309575112e-02
-1.08363708543000e-01   3.07546157630000e-01   9.45342619159000e-01   2.22444229894742e-02
 5.08818204177000e-01  -8.55386046876000e-01  -9.70502236390000e-02   1.22047725379152e-02
 3.39415368226000e-01   8.42035563054000e-01  -4.19253286647000e-01   9.33398973829727e-03
 6.09015001240000e-01  -2.79073287137000e-01  -7.42441128085000e-01   1.35840498306168e-02
 8.18669629233000e-01  -9.47222710260000e-02   5.66398913791000e-01   1.07853480418492e-02
-6.31672037900000e-01   6.83469016167000e-01  -3.65869567571000e-01   1.01583825346368e-02
 2.34788475691000e-01  -7.68148800892000e-01   5.95669196258000e-01   1.04267795270999e-02
-9.97275258459000e-01   6.77987371550000e-02  -2.90755929630000e-02   1.11243359914793e-02
-8.29948233288000e-01  -5.56314104916000e-01  -4.12376858330000e-02   1.30749439434855e-02
-6.56258690231000e-01   5.96852018951000e-01  -4.61619105941000e-01   1.88603794218748e-02
-1.89858522998000e-01  -9.47549770628000e-01  -2.57105374171000e-01   1.06875496116521e-02
 1.53697006244000e-01   9.82078862831000e-01  -1.09079500606000e-01   1.30521992444221e-02
 3.54745613399000e-01   7.67675713887000e-01   5.33694245877000e-01   1.77919580376156e-02
-1.36200871745000e-01   1.64041989295000e-01  -9.77005398288000e-01   1.37389950101356e-02
 2.98501595237000e-01   2.55289167523000e-01  -9.19632665028000e-01   1.53001220332597e-02
 4.94556093772000e-01  -2.12486497328000e-01   8.42771474699000e-01   9.58085190787836e-03
-5.95198664492000e-01   8.00713447280000e-01  -6.77976779250000e-02   1.35133264677580e-02
 5.78204063980000e-02  -2.56824253775000e-01   9.64726957889000e-01   2.54979136338170e-02
 2.85863667114000e-01   1.47839841018000e-01   9.46797415096000e-01   1.41884652051319e-02
-4.88373282363000e-01   6.33891485383000e-01   5.99727539665000e-01   9.37890558872874e-03
-9.04409499440000e-01   9.36218724110000e-02   4.16267224663000e-01   1.47567556021703e-02
-8.42792321703000e-01  -2.50039671450000e-01  -4.76635358717000e-01   1.17540457268570e-02
 3.36575112118000e-01   7.20115040603000e-01  -6.06754911146000e-01   9.09479440212687e-03
 6.52174274313000e-01   1.64949608191000e-01  -7.39905630930000e-01   1.38642466687013e-02
-7.73634673921000e-01   3.16502970070000e-02   6.32840935786000e-01   9.81712669112630e-03
 2.76765260490000e-02   9.93618792426000e-01  -1.09342147606000e-01   1.12243999486740e-02
-1.31807177607000e-01   5.05601709955000e-01   8.52639301711000e-01   2.31076116254230e-02
-6.62892576584000e-01  -9.80588180950000e-02  -7.42265383878000e-01   8.39790120002204e-03
-6.37629867632000e-01  -4.95459192457000e-01  -5.89871461010000e-01   1.35514707683547e-02
-8.42684049655000e-01  -5.08643052766000e-01   1.76538486821000e-01   1.39802267644904e-02
 9.22308651983000e-01  -3.34756475017000e-01  -1.93092860851000e-01   1.67852955596306e-02
 2.06876378707000e-01  -2.63513985155000e-01  -9.42211517421000e-01   1.09071703370040e-02
-5.42441106377000e-01  -8.28281095131000e-01   1.40385446402000e-01   1.64761461710532e-02
-6.44694739065000e-01   1.13591543115000e-01   7.55953473935000e-01   4.14187813635133e-03
-6.86396578815000e-01   4.86362629857000e-01   5.40658051701000e-01   1.78039742199054e-02
-9.18091159826000e-01  -1.26845230120000e-01   3.75524845842000e-01   1.73215371669061e-02
-3.58874527640000e-02  -9.97687693124000e-01  -5.77179151010000e-02   1.02261630266939e-02
 3.75598722903000e-01  -6.18059305090000e-02   9.24719214847000e-01   9.95915771644804e-03
 1.22043262480000e-02  -3.81826056943000e-01  -9.24153621786000e-01   1.31342240263732e-02
 8.70154020408000e-01   2.12347524795000e-01   4.44680232842000e-01   1.53939741433271e-02
 5.57583529344000e-01   8.10481180221000e-01  -1.79501711165000e-01   1.35512771266246e-02
-8.27325980918000e-01  -5.36023937381000e-01  -1.67958506343000e-01   1.21296899069461e-02
 8.80008792349000e-01  -1.23313705859000e-01   4.58670094224000e-01   1.60378042455042e-02
 2.39032198645000e-01   7.78060786399000e-01   5.80934609641000e-01   1.02471316849598e-02
-1.82374068654000e-01  -4.94332465663000e-01   8.49926533575000e-01   1.82369553716508e-02
 2.54825826200000e-01  -9.60754025308000e-01   1.09615241443000e-01   1.49374828108569e-02
-7.32094368476000e-01  -4.34371652132000e-01  -5.24746704106000e-01   1.12272853885936e-02
-4.09193091492000e-01   3.03127182037000e-01  -8.60624729708000e-01   1.58334489664512e-02
 9.73839385347000e-01   2.27219646942000e-01   2.84316570800000e-03   1.80870000506465e-02
 8.52599094232000e-01   2.98996757320000e-02  -5.21709491868000e-01   1.41283048055560e-02
-8.65421257613000e-01   3.81631687469000e-01  -3.24658746981000e-01   1.18587149004652e-02
-8.51140660166000e-01   4.69579120850000e-01  -2.34638074221000e-01   1.31244106524678e-02
-4.35246932670000e-01  -7.78902881481000e-01   4.51520108988000e-01   6.06510913806020e-03
-8.62500423020000e-01  -1.40589572124000e-01   4.86135364379000e-01   1.13044023946591e-02
 6.88537579850000e-02   4.37786924524000e-01   8.96438379771000e-01   1.97979437539374e-02
-3.16102984838000e-01  -9.42088090880000e-01   1.12022015689000e-01   9.90495237073212e-03
 7.22980308430000e-02   6.22640817268000e-01  -7.79160707048000e-01   1.82113189228565e-02
-1.21703393687000e-01  -9.75135118666000e-01   1.85202009463000e-01   1.04595336196385e-02
-8.24256633201000e-01   5.32937006173000e-01   1.91256764782000e-01   1.18886348721088e-02
-4.48843624631000e-01   7.51495341498000e-01  -4.83522649247000e-01   9.66360822807117e-03
 9.60430729697000e-01  -1.72725273718000e-01   2.18492089727000e-01   1.09417785760515e-02
-4.75094535603000e-01   5.95325701834000e-01  -6.47975687026000e-01   1.33646265663665e-02
-6.21798769273000e-01   7.60478804021000e-01   1.87185146755000e-01   1.46454357932285e-02
 1.56115395048000e-01   9.33387611593000e-01  -3.23133950481000e-01   1.03493731339234e-02
-2.16232023311000e-01   8.32048352443000e-01  -5.10822132734000e-01   1.29215822617083e-02
 8.76326977420000e-02   2.16456219158000e-01  -9.72351384775000e-01   1.40080268316960e-02
 3.06449505735000e-01  -2.25237065490000e-02  -9.51620398625000e-01   1.58316957096287e-02
-4.04019035886000e-01   9.14725649220000e-01   6.75316965300000e-03   1.72288632463884e-02
 3.41699821161000e-01   9.39772074374000e-01   8.34748139300000e-03   1.34385746580755e-02
 3.30632729650000e-01  -8.01203007164000e-01   4.98754187346000e-01   1.52739111369555e-02
 4.93651916993000e-01  -8.69097850673000e-01   3.12523727990000e-02   1.88125486022369e-02
 6.87030623885000e-01  -7.02465205657000e-01  -1.85826684534000e-01   1.43092804059729e-02
 4.55397383139000e-01   7.93128154871000e-01  -4.04426697167000e-01   1.75438142494626e-02
 4.46315909963000e-01   1.09013117445000e-01  -8.88210700644000e-01   1.47976841225074e-02
-7.93173898780000e-01   1.66191220671000e-01   5.85880230479000e-01   1.35739568575762e-02
-4.99513807056000e-01   7.83231087400000e-02   8.62758046730000e-01  -1.52233167732647e-04
-4.13060433117000e-01  -7.49953387895000e-01  -5.16673005468000e-01   1.15955744771499e-02
 6.60247585205000e-01  -6.20840796785000e-01  -4.22646224729000e-01   9.08625658795686e-03
 1.97340052877000e-01   4.45918888612000e-01   8.73048250849000e-01   1.10661009035318e-02
-5.29578656922000e-01  -6.60635419780000e-02   8.45684370527000e-01   1.28931235454333e-02
-2.24783229029000e-01   9.13640016023000e-01   3.38724698050000e-01   2.10388192171754e-02
-7.35626467712000e-01  -1.42184730745000e-01  -6.62296914039000e-01   1.55922932306040e-02
-7.35387762665000e-01  -5.35056628400000e-01   4.15835596032000e-01   8.35377147460105e-03
-5.68918019660000e-02   4.19567637801000e-01   9.05939468275000e-01   1.24717021512732e-02
-7.33128196926000e-01   6.78922123877000e-01   3.98471652890000e-02   1.00879211689766e-02
-6.33420401185000e-01  -6.43893971560000e-01  -4.29160982327000e-01   1.34482591235691e-02
-4.01203479189000e-01  -8.49093150808000e-01   3.43622743045000e-01   1.89201562661577e-02
 6.21154458626000e-01   5.72012346190000e-02  -7.81597823236000e-01   1.51455375992619e-02
 9.94711334885000e-01  -1.02397948277000e-01   8.00127737200000e-03   1.10099097067843e-02
 3.76259016599000e-01  -1.24316920872000e-01  -9.18136403599000e-01   1.30606750256846e-02
 5.85596435284000e-01  -1.25079879828000e-01   8.00894399184000e-01   1.46097105323139e-02
-4.85208746882000e-01   6.71757626670000e-01  -5.59744730176000e-01   1.66652175429569e-02
-4.00390480655000e-01   8.87389155812000e-01   2.28534350040000e-01   1.92080128746857e-02
 9.58189833320000e-02   2.33003545017000e-01   9.67743804135000e-01   1.93986906989259e-02
-2.93987369754000e-01  -7.84938606416000e-01  -5.45383177759000e-01   1.14750905370722e-02
 6.41860843414000e-01  -7.43168756692000e-01   1.88983747368000e-01   8.72952840050096e-03
-3.30669437397000e-01   3.66065925670000e-02   9.43036415284000e-01  -3.12153305795866e-03
-9.47812588050000e-01  -8.05251016970000e-02  -3.08491500579000e-01   1.44846231317475e-02
 6.06300617096000e-01   5.15264043817000e-01  -6.05724794653000e-01   1.61438769622299e-02
-3.01485622053000e-01  -6.39911772567000e-01  -7.06837564809000e-01   1.26073662695702e-02
-2.75069345574000e-01  -1.91319838245000e-01   9.42196144452000e-01   3.50470418028569e-03
 3.68517107880000e-01   5.32742930669000e-01   7.61826824824000e-01   1.12279318210452e-02
-1.74350142174000e-01   6.65212194363000e-01  -7.26012923022000e-01   1.17717152623574e-02
 9.64976288084000e-01   1.48077520025000e-01   2.16549789885000e-01   1.68655297335895e-02
-1.04075707155000e-01   9.36424840892000e-01   3.35077251600000e-01   1.59783226287484e-02
 4.85546947120000e-01   5.18972742090000e-01   7.03499435046000e-01   1.42008564912646e-02
-7.66574070824000e-01  -3.20803985871000e-01  -5.56281400542000e-01   1.44878228206484e-02
-2.23614782247000e-01   9.21660486350000e-01  -3.17077872236000e-01   1.49276748630299e-02
-4.50147311662000e-01   8.70897910860000e-02  -8.88697229709000e-01   1.61088588928735e-02
 1.70076169121000e-01  -3.15885406758000e-01   9.33429433056000e-01   8.96916814521971e-03
-7.91175002860000e-02  -9.15759738403000e-01   3.93858505899000e-01   9.51948160595341e-03
-5.89558746618000e-01  -6.04098285140000e-01  -5.36176972816000e-01   1.09244224188944e-02
-6.92055074067000e-01   6.72693192918000e-01  -2.61808408306000e-01   1.99016257854719e-02
-7.29077827169000e-01  -9.88679154570000e-02   6.77252284768000e-01   1.81837169119983e-02
-6.07383389394000e-01  -3.29813394885000e-01  -7.22709168921000e-01   1.34898231511448e-02
 4.86118587610000e-02  -4.85115882528000e-01   8.73097627821000e-01   1.27072455892678e-02
-3.59580564185000e-01   2.59904007634000e-01   8.96187326778000e-01   3.03849993702770e-03
-8.76341721025000e-01  -2.42346159045000e-01   4.16285391513000e-01   1.33356087051018e-02
 7.67844529979000e-01   4.48085403190000e-01   4.57858328776000e-01   1.29351638390838e-02
 4.99649778329000e-01  -7.96245580933000e-01  -3.41091005248000e-01   1.72003540430233e-02
-8.85831813575000e-01  -2.86557891706000e-01  -3.64947356147000e-01   1.33943507986750e-02
 1.15291676533000e-01   7.80411825873000e-01   6.14544718763000e-01   1.19527707031338e-02
 1.60257666348000e-01   8.36118370949000e-01  -5.24617527479000e-01   8.99453158264795e-03
 6.60969748707000e-01  -3.29937188980000e-02   7.49686871839000e-01   1.79541660743989e-02
 9.28672889172000e-01   3.12332190510000e-01  -2.00038165581000e-01   1.49986061955981e-02
-5.47704232286000e-01   4.12497518835000e-01  -7.27918862848000e-01   1.34732283490562e-02
 5.77418163658000e-01  -4.69416470036000e-01   6.68009312762000e-01   1.96899861254018e-02
 8.30354141390000e-01  -5.40838602959000e-01  -1.34184967213000e-01   1.42100433946321e-02
 3.96094341677000e-01  -8.22224763212000e-01  -4.08724493091000e-01   1.47690339528562e-02
 4.29856477420000e-02  -9.30873923760000e-01   3.62802938456000e-01   1.06544892186101e-02
 9.21380372599000e-01  -1.45899900516000e-01  -3.60238015787000e-01   1.16953719404076e-02
 4.46394847427000e-01   4.34357693728000e-01   7.82345853245000e-01   1.70712084658335e-02
 8.61824515650000e-02  -9.93096647459000e-01  -7.95715643210000e-02   1.83996168326717e-02
 5.23039467220000e-01  -6.72359428819000e-01   5.23796252572000e-01   9.69240122727908e-03
 9.03057901300000e-01   8.89572052030000e-02   4.20205952531000e-01   1.63993186395414e-02
 1.56597721998000e-01   8.42621424531000e-01   5.15234207315000e-01   2.12075342505202e-02
-7.19403124265000e-01  -6.86571794229000e-01   1.05253580305000e-01   1.63404500399670e-02
-7.46491005479000e-01   5.07384310592000e-01   4.30479198225000e-01   1.42772373806268e-02
-9.93593457936000e-01  -2.38448895750000e-02  -1.10469278933000e-01   1.49414055427226e-02
-1.01077920215000e-01   9.88313390915000e-01   1.14104756178000e-01   1.51893573254426e-02
-8.86751495290000e-02   6.06928019329000e-01   7.89794338552000e-01   9.77672185907521e-03
 4.36038735213000e-01   6.88720986589000e-01   5.79252642657000e-01   1.38585676285025e-02
-3.78884634216000e-01  -6.74150245858000e-01   6.34009368988000e-01   3.73427839472108e-03
-6.26498637029000e-01  -7.67947205705000e-01  -1.33253694321000e-01   1.52943312769292e-02
 4.06186134016000e-01  -8.67091100491000e-01  -2.88384895553000e-01   1.12449144517305e-02
-6.88463910568000e-01  -7.23932272465000e-01  -4.40398538730000e-02   1.32302584672792e-02
 2.80627074434000e-01   8.05783603711000e-01  -5.21499021174000e-01   1.86904031720965e-02
 1.53737366665000e-01   6.93561432561000e-01  -7.03802075412000e-01   9.50121841174489e-03
 1.99365964393000e-01   8.90610414744000e-01   4.08737447992000e-01   8.25591852116960e-03
-1.82049246480000e-02   5.44976834261000e-01  -8.38253440695000e-01   1.31390746010260e-02
-6.81550334668000e-01  -6.90775700315000e-01   2.41491352159000e-01   1.83916762703523e-02
-5.37587823785000e-01  -5.55222292459000e-01  -6.34608176495000e-01   1.72901381442618e-02
 9.09898303240000e-02   9.71515137830000e-01  -2.18813134307000e-01   1.70250268504606e-02
 3.79989622671000e-01  -9.22135766524000e-01   7.26189697010000e-02   1.32927192697364e-02
 5.66597174596000e-01  -2.11384125400000e-03   8.23992216842000e-01   9.52805698571788e-03
 1.84414097430000e-02   9.44764573460000e-01   3.27230522936000e-01   6.85281143153299e-03
 3.45814825271000e-01   2.49588326276000e-01   9.04498631292000e-01   1.68840242551584e-02
 8.74283374514000e-01   4.04576594439000e-01  -2.68228186961000e-01   1.42162685873703e-02
 3.99802428761000e-01   3.44402780137000e-01   8.49437898255000e-01   9.76756600465706e-03
 9.63220672283000e-01  -5.72195116450000e-02   2.62548783988000e-01   1.54268880172752e-02
-9.94897296922000e-01   3.57728667940000e-02   9.43380653760000e-02   1.50613488766806e-02
-1.56714993068000e-01  -9.87001810769000e-01  -3.56066916000000e-02   1.02639881184232e-02
-9.27069069789000e-01  -2.25672399208000e-01   2.99357492099000e-01   1.03516403946573e-02
-2.38903394940000e-01  -7.28159342239000e-01  -6.42424423724000e-01   1.23542298939782e-02
-2.37933816645000e-01  -5.65566766505000e-01  -7.89633922474000e-01   1.15000247310245e-02
-4.86829202841000e-01   2.04038379062000e-01  -8.49332483266000e-01   1.08221681754685e-02
 1.26732104243000e-01  -8.88242067541000e-01   4.41548415470000e-01   1.00816313925606e-02
 3.80892736307000e-01  -8.40044165098000e-01   3.86324376805000e-01   1.49486058901950e-02
-8.53815222246000e-01   1.94312669544000e-01   4.82951501411000e-01   1.20936224889390e-02
 7.07500645964000e-01   5.51939817248000e-01   4.41367504577000e-01   1.80677776524792e-02
 5.93607703844000e-01   4.99787786459000e-01   6.30747225474000e-01   1.84677092048637e-02
-2.10801429753000e-01   5.82844530920000e-01   7.84764302189000e-01   7.41019620951756e-03
-3.59983711124000e-01  -5.42500531109000e-01  -7.59015745207000e-01   1.67610470893473e-02
 7.01453114467000e-01   6.30255410145000e-01   3.32778674479000e-01   1.72054205333895e-02
-9.28865830610000e-01  -3.49571013193000e-01  -1.22508675043000e-01   1.05561847294146e-02
 7.77324035743000e-01   5.28910387717000e-01   3.40618768157000e-01   9.23631223319547e-03
 8.50495590230000e-02  -8.03093446859000e-01  -5.89752056479000e-01   1.04160238740493e-02
 9.45074862356000e-01  -3.20998366320000e-02  -3.25273892330000e-01   1.38134713120791e-02
 4.50220156024000e-01  -6.40071342009000e-01   6.22583719871000e-01   2.03373769767895e-02
-7.64580586297000e-01  -6.11730355413000e-01   2.02983987851000e-01   9.39829368453411e-03
-6.25790395419000e-01  -7.78954108935000e-01   4.02104112720000e-02   1.74734114675855e-02
 8.28464844247000e-01  -4.69545585867000e-01   3.05242435843000e-01   1.68229656420880e-02
 7.29521302470000e-01   3.25879265903000e-01  -6.01332997013000e-01   1.43049630981777e-02
-4.76309054931000e-01   8.31412475602000e-01  -2.86152021842000e-01   1.00784852364818e-02
-3.42647093809000e-01   7.94999973058000e-01  -5.00567689670000e-01   1.81544031619994e-02
 3.20489163896000e-01  -6.21788849891000e-01  -7.14608509589000e-01   1.56478618818632e-02
 9.60498146666000e-01  -1.35366129635000e-01  -2.43144650773000e-01   1.78455731850318e-02
 3.86201127374000e-01   6.24177240781000e-01  -6.79154961188000e-01   1.41004618000604e-02
 2.74915339823000e-01   9.55266143783000e-01   1.09032795396000e-01   1.59195128920424e-02
 4.52380920752000e-01   6.74800989305000e-01  -5.83091011226000e-01   1.82187230766769e-02
 6.26371644491000e-01   3.05486564804000e-01   7.17172588505000e-01   1.90884149823999e-02
-5.00922220172000e-01  -8.64731207052000e-01   3.62886881540000e-02   1.06078909136708e-02
-2.09390779140000e-01   8.14175055821000e-01   5.41548225083000e-01   2.18978916659524e-02
-8.66060286694000e-01  -4.26592948412000e-01   2.60687621834000e-01   9.14685785339894e-03
-7.57202650894000e-01  -6.04111423775000e-01  -2.48381829333000e-01   1.30625089118533e-02
 4.74524749904000e-01  -5.41474754428000e-01   6.93996651321000e-01   1.12095457346029e-02
-7.87195563770000e-01   6.15212768795000e-01  -4.28531619930000e-02   1.45488334608868e-02
 2.82601552833000e-01   9.01178731812000e-01   3.28653701738000e-01   1.78058308264068e-02
 5.41807304470000e-02  -9.54665655355000e-01  -2.92707934524000e-01   1.82446212440204e-02
-9.58719484843000e-01  -2.35255871269000e-01  -1.59723587536000e-01   1.41928366868247e-02
-3.92652775321000e-01  -5.75362380497000e-01   7.17483051466000e-01   1.99887387405119e-02
-5.61771637121000e-01   8.20575748024000e-01   1.05204892852000e-01   1.48659738116527e-02
 8.23185361072000e-01  -2.15179177069000e-01   5.25417722457000e-01   1.56700991306311e-02
 9.83645755443000e-01   3.25325186500000e-02   1.77151525618000e-01   1.04039186426620e-02
 1.91768925610000e-02   3.28680402850000e-01   9.44246493017000e-01   9.06032849626550e-03
 2.37210965190000e-02   9.93726985004000e-01   1.09288557748000e-01   8.38838396195948e-03
-7.18807457520000e-01   2.61581505426000e-01   6.44120295467000e-01   9.47791372696123e-03
-3.06776472984000e-01  -9.22444171985000e-01  -2.34488688843000e-01   2.03088923142620e-02
-4.39738720648000e-01   4.07440516420000e-01  -8.00388707531000e-01   1.28874625734505e-02
 6.78197541212000e-01  -2.75426864701000e-01   6.81313538171000e-01   1.69430710167226e-02
 5.56368501142000e-01  -5.74065964726000e-01   6.00751495279000e-01   1.18717516180934e-02
 4.70281288793000e-01   2.39833697705000e-01   8.49302835776000e-01   1.67198061536797e-02
-8.65502721861000e-01   2.88515012311000e-01  -4.09468101472000e-01   1.48789336773806e-02
-9.94849586160000e-02   9.89131449967000e-01  -1.08266881804000e-01   1.49817206671204e-02
-1.50483582109000e-01  -9.15491849186000e-01  -3.73134514068000e-01   1.95134395257715e-02
-4.19243439803000e-01  -8.83634189848000e-01  -2.08387995607000e-01   1.15018934044414e-02
-9.17605895125000e-01   2.67307387498000e-01  -2.94187324372000e-01   1.52972647574942e-02
-2.86399753629000e-01   9.35065444260000e-01  -2.08872679096000e-01   1.17132918440179e-02
-2.22972817862000e-01   9.67657131626000e-01   1.17994907123000e-01   1.90842976966750e-02
-3.24209489310000e-02   9.03438800102000e-01  -4.27489434419000e-01   1.15582743331896e-02
-8.45473881330000e-02   7.24069707971000e-01  -6.84525234859000e-01   1.62293444343992e-02
 2.62727067599000e-01  -8.74456907111000e-01   4.07798486457000e-01   9.64440018570751e-03
 2.86181442959000e-01   6.23537927212000e-01   7.27530504539000e-01   1.23678958286232e-02
 7.21507640447000e-01   5.70821841144000e-01  -3.91904517007000e-01   1.53852895448913e-02
 9.64743099470000e-02   8.99683833176000e-01  -4.25748409090000e-01   1.71515424349016e-02
-5.57912749070000e-02  -2.82869193447000e-01  -9.57534517938000e-01   1.57037623834343e-02
-3.73340138711000e-01   6.91719004963000e-01   6.18176317081000e-01   2.18582417426389e-02
-1.99415911886000e-01  -9.75977491558000e-01   8.77566525080000e-02   1.13467816830437e-02
-4.69683737844000e-01  -1.43550852863000e-01  -8.71085724281000e-01   1.54796392851310e-02
 7.29979445183000e-01  -6.66899296605000e-01   1.49583882151000e-01   1.16977998432550e-02
 8.94903606708000e-01   4.22666590230000e-01  -1.43179915506000e-01   1.34905152259430e-02
-1.64329643459000e-01   9.59647501694000e-01   2.28193866644000e-01   6.97587883015649e-03
-5.57256121998000e-01   1.70930277542000e-01   8.12556739382000e-01   2.39480069237522e-02
-6.64354856752000e-01  -3.29370888402000e-01   6.70930281165000e-01   1.95380706928264e-02
-5.53232875560000e-02  -7.03357227230000e-02  -9.95988062159000e-01   1.52537981952052e-02
 4.83099206150000e-01  -7.46463594732000e-01  -4.57610378769000e-01   9.53428980041073e-03
 2.51670190586000e-01  -6.69716936739000e-01   6.98671124217000e-01   1.35728121201053e-02
-3.09066738538000e-01  -2.61684561657000e-01  -9.14329777115000e-01   1.48999477919655e-02
 2.05372356915000e-01  -4.62381552021000e-01  -8.62569124978000e-01   1.03273595320778e-02
-7.84215078280000e-02  -9.94833420465000e-01   6.44711767900000e-02   2.06375190864155e-02
-4.07726365795000e-01   8.24963141963000e-01  -3.91401360547000e-01   1.37123175848029e-02
 1.19883870610000e-02  -5.74484484077000e-01  -8.18427673121000e-01   1.34757367398911e-02
 7.61126573389000e-01  -6.40647284883000e-01  -1.01278801598000e-01   1.87401756133975e-02
-5.94897448793000e-01   2.10713862008000e-01  -7.75691107192000e-01   1.47491232728906e-02
 4.48746004510000e-02  -9.98132783902000e-01   4.14393042100000e-02   1.27720864906552e-02
 1.75707971267000e-01   3.02630226654000e-01  -9.36771933156000e-01   1.65389357224725e-02
 2.64562208839000e-01  -5.45489755147000e-01  -7.95265845289000e-01   1.53948658850204e-02
 8.27306017903000e-01  -5.61381158395000e-01  -2.03947969150000e-02   1.26994604863762e-02
-5.67950337988000e-01  -6.20255190695000e-01   5.41032265207000e-01   5.92183677300995e-03
-2.92533959217000e-01  -5.38264843978000e-01   7.90376391627000e-01   1.08713284540140e-03
-3.23774816087000e-01  -8.39429919013000e-01   4.36494306416000e-01   1.50762800121885e-02
-6.45605096510000e-02  -4.42860238947000e-01   8.94263243879000e-01   2.27743345045474e-02
-3.42583684965000e-01  -8.30132230231000e-01  -4.39905557055000e-01   1.88108664651193e-02
-4.42663945332000e-01   3.46302385158000e-01   8.27117458126000e-01   2.45601831125823e-02
 9.54394456222000e-01   8.30182611370000e-02  -2.86773761440000e-01   1.48748937266418e-02
-2.80890478067000e-01   8.51568611136000e-01   4.42641434866000e-01   1.66451269170984e-02
-5.11391507367000e-01   7.50667642179000e-01   4.18302303578000e-01   9.40507650092529e-03
-6.61399917470000e-01   5.04328082720000e-01  -5.55160638150000e-01   1.29638494966711e-02
-5.68477570104000e-01   7.63240101254000e-01   3.07079468748000e-01   1.66324797106349e-02
-9.41284247886000e-01   3.23581835278000e-01  -9.63263232980000e-02   1.44044657229571e-02
-4.46553915747000e-01   7.26349799552000e-01   5.22499348346000e-01   1.45786521862655e-02
 2.77990958449000e-01   9.05832414718000e-01  -3.19669616115000e-01   1.75704450812314e-02
 5.64712706179000e-01   6.16912168490000e-01  -5.48196074274000e-01   1.53480954080094e-02
-1.71289742615000e-01   6.77991811499000e-01   7.14833496428000e-01   2.51331155074240e-02
 5.40210065331000e-01  -8.10594619205000e-01   2.26073989282000e-01   2.00975697136706e-02
-2.53489464770000e-01  -5.49828951650000e-02   9.65774286513000e-01   2.82240330835522e-02
 4.21508259800000e-02   1.22487517458000e-01   9.91574563982000e-01   8.39696134495854e-03
-9.55293563768000e-01   2.34039896334000e-01  -1.80664146826000e-01   1.17999797923503e-02
-9.22808417137000e-01   3.70332593939000e-01   1.06199788738000e-01   1.28003220044984e-02
 6.53987538808000e-01  -3.66464314599000e-01  -6.61818861328000e-01   1.81275063916840e-02
-4.54359973411000e-01   8.83246382364000e-01   1.15900140649000e-01   1.20767425695707e-02
-5.58429125850000e-02  -2.18380193045000e-01   9.74264676769000e-01   1.81925601271946e-03
-4.23785012974000e-01  -6.03942596977000e-01  -6.75025630873000e-01   1.13470444289519e-02
-1.70749146349000e-01  -8.05586775952000e-01  -5.67339999853000e-01   1.81798327626024e-02
-5.38718513686000e-01  -2.47795086824000e-01  -8.05220440599000e-01   8.75806293707845e-03
-4.64777325019000e-01  -6.96550753029000e-01   5.46625179262000e-01   1.84443614759023e-02
 9.24467469357000e-01   1.78434398460000e-01   3.36928870160000e-01   1.03363020121800e-02
 4.70728018290000e-01   8.58387096404000e-01   2.03928236209000e-01   1.67555913171315e-02
-8.86188442150000e-01   3.27584666920000e-01   3.27655811788000e-01   1.27039495595362e-02
 3.78988579576000e-01   8.32244833632000e-01   4.04643291608000e-01   1.81630885195097e-02
-2.68887025568000e-01  -8.96471131202000e-01  -3.52192104401000e-01   1.05349992937647e-02
-3.61439546712000e-01  -6.99821592903000e-01  -6.16125954801000e-01   1.80220721971613e-02
-4.80956666200000e-02   6.97431585086000e-01   7.15035657137000e-01   1.07919626781121e-02
 7.67003463662000e-01   1.53529615597000e-01   6.23004288801000e-01   1.53721339861058e-02
 9.62869815110000e-01   2.38004521831000e-01   1.27418863355000e-01   9.17192454409676e-03
-3.48267310830000e-02   9.75404901964000e-01  -2.17651960768000e-01   1.35659711022253e-02
-7.22503892086000e-01   5.91774747095000e-01  -3.57478355459000e-01   1.17016074694741e-02
-8.15759794510000e-01  -3.65679157066000e-01  -4.48123545185000e-01   1.65631460282965e-02
-6.29928640865000e-01   3.48329292010000e-01   6.94158923983000e-01   1.95769427847624e-02
-1.71064354468000e-01   2.76677402171000e-01  -9.45614404373000e-01   1.16517395558896e-02
-1.77845244026000e-01  -6.58051452771000e-01  -7.31668883227000e-01   1.72602337714992e-02
 1.50803260104000e-01  -7.29867122969000e-01   6.66747598084000e-01   1.59579671129871e-02
 3.54839954670000e-02   7.14138854996000e-01  -6.99104128046000e-01   1.34478295477725e-02
 6.03133882230000e-01  -7.84733957286000e-01  -1.42906040420000e-01   1.83917279803408e-02
 2.95120335700000e-02   9.45021688284000e-01  -3.25673223565000e-01   1.37726828829066e-02
 1.53859807794000e-01  -8.47666770353000e-01  -5.07728476634000e-01   1.60224084132926e-02
-5.66215228655000e-01   5.07038862812000e-01  -6.49855296537000e-01   1.64073099352356e-02
-9.62748313255000e-01  -2.04247165642000e-01   1.77197010846000e-01   1.75378069594333e-02
-2.89165130587000e-01  -4.30806050563000e-01   8.54862371409000e-01   2.42118019261882e-02
-8.11211898240000e-01  -5.05509745139000e-01  -2.93930525333000e-01   1.68429926727214e-02
 4.17243903930000e-02  -5.87992835719000e-01   8.07789267315000e-01   1.98824458221361e-02
-2.97413325681000e-01  -4.63537749772000e-01  -8.34672431702000e-01   1.53382584148159e-02
-4.68559280940000e-01   8.77791845009000e-01  -9.96678337340000e-02   1.03146613892070e-02
 4.24018334848000e-01  -8.64103901830000e-01   2.71169501520000e-01   1.46673729458447e-02
-2.93058962446000e-01   6.45575406134000e-01   7.05229636023000e-01   6.49015663838331e-03
 8.26399736974000e-01  -5.02508165477000e-01  -2.54064988455000e-01   1.81114664252409e-02
 4.12402300049000e-01  -9.13151746000000e-04  -9.11001377095000e-01   1.19597740867369e-02
-7.07233894716000e-01   3.77794850602000e-01   5.97571141391000e-01   1.43544583910236e-02
 4.61837225460000e-02  -7.68310972744000e-01   6.38408421728000e-01   1.73920776739507e-02
-5.21389932596000e-01   3.10865017023000e-01  -7.94679482168000e-01   1.52298156196331e-02
 2.37617352418000e-01   7.09342894360000e-02  -9.68765358801000e-01   1.16096063640908e-02
 4.10311155995000e-01   2.18804935606000e-01  -8.85307379062000e-01   1.08026149373599e-02
 6.52297326740000e-01  -5.00562523973000e-01   5.69161977930000e-01   9.19086950626173e-03
-9.38019584864000e-01  -2.02722319290000e-01  -2.81110155764000e-01   1.08761777532797e-02
 7.23747731868000e-01   6.85325252488000e-01  -8.07373452580000e-02   1.16322160471067e-02
 3.04450551212000e-01  -9.03919915020000e-01   3.00397485171000e-01   1.48236296959185e-02
 2.20060917213000e-01   8.77796730709000e-01  -4.25495114276000e-01   1.48417165787004e-02
-4.18062947480000e-02   9.74028658959000e-01   2.22531807267000e-01   1.91203269221395e-02
 2.81356566316000e-01  -3.57978605510000e-01   8.90331286987000e-01   1.67775094997233e-02
-7.17648374348000e-01  -2.82555134400000e-03  -6.96399904548000e-01   1.65948755002086e-02
-5.93819103757000e-01   5.64997837094000e-01   5.72849296144000e-01   1.55113592515159e-02
 9.42841811064000e-01  -2.86045368833000e-01   1.70960130669000e-01   1.58835945190347e-02
-7.60639963213000e-01  -6.49170021245000e-01   2.26492389300000e-03   1.13326630034694e-02
 9.86544255992000e-01  -1.13632943439000e-01  -1.17549926137000e-01   1.20033631208875e-02
 7.05035080485000e-01   4.40188591106000e-01  -5.56021168254000e-01   1.53001805482457e-02
-6.45232594173000e-01  -6.24412874939000e-01   4.40208429074000e-01   1.99282064810789e-02
 6.76939169565000e-01  -6.69470951274000e-01  -3.05879071055000e-01   1.71347127575373e-02
-2.85236792801000e-01   8.65253528325000e-01  -4.12281825642000e-01   1.19009026569555e-02
-4.18667758950000e-02   8.98047694873000e-01   4.37901256917000e-01   2.07562819578613e-02
-8.91483475473000e-01  -2.36863287980000e-02   4.52433609258000e-01   1.31095881793515e-02
 4.97757706335000e-01  -5.06384734901000e-01  -7.04139024656000e-01   1.76867913224388e-02
-7.36877246837000e-01   5.02391141927000e-01  -4.52343966033000e-01   1.15812175780300e-02
-3.54223207233000e-01   5.04090522457000e-01  -7.87666594840000e-01   1.72427059408765e-02
 1.37034795870000e-01  -5.61986780629000e-01  -8.15715834785000e-01   1.68908045120742e-02
-6.67094382137000e-01   6.91047299812000e-01   2.78278124802000e-01   1.00336932043819e-02
 9.47149222296000e-01  -3.18268761312000e-01   4.01664820010000e-02   1.11359427446749e-02
-7.77278616126000e-01  -4.74906210504000e-01  -4.12676682329000e-01   1.34625669590794e-02
 3.43990887963000e-01  -9.19902059173000e-01   1.88282953363000e-01   1.56220148615685e-02
 5.69422869550000e-01  -7.07646170074000e-01   4.18323431824000e-01   1.71644429016959e-02
-5.00820111160000e-02  -4.82099734217000e-01  -8.74683736233000e-01   1.48861084074994e-02
-9.22279720344000e-01  -3.18342286267000e-01   2.19222047745000e-01   1.40094203629157e-02
-1.77323173113000e-01  -5.64558772230000e-02  -9.82532048436000e-01   1.24905151786169e-02
 9.11623650634000e-01  -3.93833554049000e-01   1.17632696599000e-01   1.69479186909985e-02
-3.58483825048000e-01  -1.03176045751000e-01   9.27816819616000e-01   1.31276831011819e-02
 7.87397279798000e-01  -2.07000146731000e-01  -5.80651757098000e-01   1.71858718575549e-02
 7.44103639551000e-01  -1.21155553498000e-01  -6.56986381490000e-01   1.32335814622098e-02
 6.75906339057000e-01  -1.56142408637000e-01   7.20257015965000e-01   9.94979059309207e-03
 6.83038757408000e-01   6.98749285857000e-01   2.12620533800000e-01   1.57664567999487e-02
-1.45205587024000e-01   5.70522399106000e-01  -8.08343695228000e-01   1.82770640260826e-02
-7.90200922350000e-02   3.65689080549000e-01  -9.27376580139000e-01   1.20192509171303e-02
 7.63442619770000e-02   7.05864790691000e-01   7.04220456197000e-01   8.94208174473244e-03
 5.07283555217000e-01   8.09667617711000e-01  -2.95130044957000e-01   1.06795316288555e-02
 8.58589180456000e-01   2.67817923452000e-01  -4.37147777166000e-01   1.45071388893553e-02
 5.25995298681000e-01   2.16738083000000e-02  -8.50211263039000e-01   1.23419851684986e-02
 4.98156197821000e-01   5.77171672991000e-01  -6.47080568762000e-01   9.57417129902451e-03
 9.17968532136000e-01  -2.64946796409000e-01   2.95189717099000e-01   1.59308762549718e-02
-8.50213135413000e-01   1.92408083112000e-01  -4.90017095542000e-01   1.53523870782600e-02
 3.48532741050000e-01   4.90170241310000e-02   9.36014027545000e-01   2.00200276369719e-02
 5.88538472127000e-01  -3.59369446348000e-01   7.24207199534000e-01   9.50870889932508e-03
-1.13957484201000e-01  -5.74840890661000e-01  -8.10291084869000e-01   1.43334138596542e-02
-5.80503237755000e-01  -5.24238577984000e-01   6.23048877946000e-01   2.05233629200400e-02
 4.33510197464000e-01  -6.07992497014000e-01  -6.65142114340000e-01   1.56205320957516e-02
 3.36342526913000e-01   9.18411506050000e-01  -2.08312289953000e-01   1.07565429024734e-02
 6.58319516289000e-01   2.90320486710000e-01  -6.94499409266000e-01   1.49887993160276e-02
 6.84949398828000e-01   7.28295894626000e-01   2.07222324350000e-02   1.37999759762923e-02
-5.65059061186000e-01  -8.23457914798000e-01  -5.12378759110000e-02   1.19823234071684e-02
 5.04717094627000e-01  -3.07913649656000e-01  -8.06504704727000e-01   1.84137975043185e-02
 4.81797240712000e-01   2.89241755945000e-01  -8.27170251799000e-01   1.63518264064283e-02
 1.20893154600000e-02  -9.83839679114000e-01  -1.78643035835000e-01   1.18271631801178e-02
 7.61299080413000e-01   4.67704851604000e-01  -4.49083379729000e-01   1.48402098825823e-02
-8.53067203598000e-01  -1.16946600100000e-02  -5.21669992498000e-01   1.58487785347739e-02
-9.78328964994000e-01   1.96473647737000e-01  -6.53493840670000e-02   1.49766591731095e-02
-3.75220888929000e-01   1.91126356470000e-01  -9.07017089351000e-01   1.47222714695985e-02
 1.74080765705000e-01  -9.25963654373000e-01   3.35092819665000e-01   2.02543946433240e-02
 4.85477314638000e-01  -9.39371326710000e-02   8.69187892275000e-01   1.86711840292824e-02
 6.70219332813000e-01  -3.90222650173000e-01   6.31294170110000e-01   1.41513527878625e-02
-8.26905109122000e-01  -4.02993343560000e-02   5.60895626796000e-01   1.62401489110883e-02
 4.12571963233000e-01  -8.93716469851000e-01  -1.76224988781000e-01   1.67374781953584e-02
-9.38937347967000e-01   4.82967877160000e-02  -3.40681782444000e-01   1.67805108710496e-02
 5.33395090742000e-01   4.73216951324000e-01  -7.01110115568000e-01   1.48721034553501e-02
 4.02456655753000e-01   9.08018547732000e-01   1.16322642744000e-01   1.16530771914762e-02
 7.38098724808000e-01  -4.19108456815000e-01   5.28732800063000e-01   1.78648938790858e-02
 9.75453862962000e-01  -2.17595036676000e-01  -3.37958761680000e-02   1.82966806590757e-02
 5.34431513903000e-01   8.38715071366000e-01   1.04594388053000e-01   1.24966173577662e-02
 6.18437671496000e-01   5.77069450481000e-01   5.33409501036000e-01   1.40529955029623e-02
-8.20341438124000e-01   9.12491212380000e-02  -5.64547183829000e-01   1.30349201623914e-02
-4.63789473502000e-01   2.24448559141000e-01   8.57042687716000e-01   1.20019554907495e-02
-6.62247923310000e-01  -5.35259694146000e-01   5.24332669108000e-01   1.42791856973841e-02
-1.59867740779000e-01   1.88659487837000e-01   9.68942672766000e-01   3.94506762504652e-03
-7.92540706358000e-01  -1.45127433602000e-01   5.92298283623000e-01   1.19815043994841e-02
-6.39184631427000e-01  -2.15251162293000e-01  -7.38315612783000e-01   1.74762586705333e-02
 8.75572524933000e-01  -3.89779677182000e-01  -2.85384927492000e-01   1.50175024461442e-02
 5.70824116623000e-01   7.89631685106000e-01   2.25036951983000e-01   1.34027354104771e-02
-7.63953789554000e-01  -6.34166089276000e-01  -1.19197225800000e-01   1.67775468505834e-02
 8.60949015711000e-01  -3.56878889565000e-01   3.62497242099000e-01   1.64721987840469e-02
 2.06949875732000e-01  -9.72633611177000e-01  -1.05620108615000e-01   1.56346141873317e-02
 6.54555651038000e-01  -1.58031826460000e-01  -7.39312411312000e-01   1.67372807395218e-02
-6.87935526117000e-01  -5.41876987078000e-01  -4.82818850898000e-01   1.72440849402096e-02
 4.52762600429000e-01   7.61315145291000e-01   4.64117740669000e-01   8.37178299402147e-03
-5.03853368428000e-01  -3.62116442273000e-01  -7.84221566497000e-01   1.92030358844472e-02
 5.13877272183000e-01   7.10055970023000e-01  -4.81404890470000e-01   9.55080595873732e-03
 3.87967855712000e-01  -4.03683910353000e-01   8.28565171520000e-01   1.16383359307908e-02
 2.14071377862000e-01   9.51372025916000e-01   2.21505560843000e-01   8.77714623520155e-03
 3.16848690572000e-01  -9.40052822647000e-01  -1.26125326231000e-01   1.21440156136330e-02
 4.48409354304000e-01  -4.20324714255000e-01  -7.88832165646000e-01   1.44499089330731e-02
-2.52682711754000e-01   4.77408069790000e-01   8.41565791890000e-01   1.32338409506370e-02
-4.61387358941000e-01   5.06205916609000e-01  -7.28613254751000e-01   1.29633575346085e-02
 1.81552458696000e-01  -9.35902713288000e-01  -3.01868872198000e-01   1.48351668417136e-02
 9.06750676360000e-02  -9.11012331066000e-01  -4.02286669871000e-01   1.06351486138324e-02
 9.22676485702000e-01  -3.12114352370000e-02   3.84309704592000e-01   1.13452860184993e-02
 1.03502195930000e-01  -8.25417183352000e-01   5.54953843905000e-01   1.22697194426183e-02
 2.15879546981000e-01  -9.50436596207000e-01   2.23754994997000e-01   8.86586819686048e-03
-1.14927521772000e-01  -7.40691213134000e-01  -6.61942740368000e-01   1.14296831581874e-02
 7.27847114230000e-02  -6.58497311671000e-01  -7.49055189092000e-01   1.39286991889793e-02
-5.56508809876000e-01   6.63297189992000e-01   5.00334670275000e-01   1.68864587554579e-02
 9.01748536141000e-01   4.31984407315000e-01  -1.54612225980000e-02   1.74142097498637e-02
 7.99992479943000e-01   2.92341146600000e-02   5.99297420797000e-01   1.70120425932853e-02
 8.63522516360000e-01   1.49229579698000e-01  -4.81725436616000e-01   1.38169556474760e-02
 1.50601019166000e-01  -6.33764319936000e-01   7.58724007662000e-01   1.37099015687459e-02
-5.39440285753000e-01   8.22833668305000e-01  -1.78742642955000e-01   1.84556257597647e-02
-3.81696006486000e-01   6.98630670238000e-01  -6.05163899482000e-01   1.39778423811306e-02
-5.26390002749000e-01  -8.31810021948000e-01  -1.76084219600000e-01   1.18686229009389e-02
-6.59378863391000e-01  -2.03662497673000e-01   7.23699593447000e-01   1.66174943418704e-02
-4.29850544661000e-01  -8.93000280847000e-01   1.33337945320000e-01   1.80841349898664e-02
-2.52777036347000e-01   7.34921818875000e-01   6.29280295288000e-01   1.45094852753048e-02
-2.74819696579000e-01  -9.61418098747000e-01  -1.22218563840000e-02   2.05261541854052e-02
-5.63563267305000e-01   6.82441480050000e-01  -4.65478323933000e-01   1.28492545425155e-02
 6.71793350511000e-01   6.63799964573000e-01  -3.28729830168000e-01   1.16359865802016e-02
 2.56920943011000e-01  -1.38713716845000e-01  -9.56425707413000e-01   1.19355193049048e-02
-1.77607832609000e-01  -6.93394866613000e-01   6.98325867164000e-01   5.27496610009023e-03
-5.83183170125000e-01  -4.18392771878000e-01   6.96308034222000e-01   1.54753508344455e-02
-7.72149033221000e-01   4.02872213931000e-01   4.91405992778000e-01   1.14380946660916e-02
-8.85642252839000e-01  -4.56800698415000e-01  -8.34920470090000e-02   1.74532416469302e-02
 2.42202312707000e-01   1.50734201780000e-02   9.70108670059000e-01   9.18192671893293e-03
 3.35859369320000e-02   8.45469868302000e-01   5.32965933840000e-01   5.02388931195587e-03
 5.81356265779000e-01   2.15521328390000e-01   7.84586164324000e-01   6.42338519341207e-03
 8.77451696210000e-02  -9.63960635470000e-01   2.51158671904000e-01   1.20604350155798e-02
-9.86348189622000e-01  -1.48208193215000e-01  -7.17745100520000e-02   1.06355039407887e-02
-3.83906459217000e-01  -8.63518609257000e-01  -3.27034313242000e-01   1.16473939642596e-02
-4.79546540076000e-01  -4.96840689813000e-01  -7.23314900197000e-01   1.40349458379271e-02
 7.83848511077000e-01  -5.76002115443000e-01   2.31954897960000e-01   6.92661284692453e-03
-2.93191913927000e-01   2.92183707352000e-01  -9.10311585539000e-01   1.24831285410393e-02
-5.12892958994000e-01   8.30042392996000e-01   2.19021547899000e-01   1.10938189704699e-02
 9.75605247630000e-01  -2.00244995081000e-01   8.99796796020000e-02   1.34736996703443e-02
-2.64377236823000e-01   5.86180709898000e-01  -7.65830824656000e-01   1.21496913374644e-02
-4.73548515367000e-01  -8.46072101589000e-01   2.44772961144000e-01   8.27759390997712e-03
-4.57543372176000e-01   8.25860491580000e-01   3.29558054105000e-01   1.44552813342577e-02
 2.81138476354000e-01  -9.30723986208000e-01  -2.33910278977000e-01   1.52153220162664e-02
 4.16506136980000e-02  -6.83577422000000e-01   7.28688640306000e-01   8.04159453380205e-03
-9.25355986337000e-01  -3.79047714843000e-01   6.25527158100000e-03   1.38253737514369e-02
 1.45043904172000e-01   3.45528113927000e-01   9.27131375992000e-01   1.31377693545769e-02
 2.40779302080000e-02   3.11107630120000e-02  -9.99225887226000e-01   1.46914993521267e-02
-9.47826385203000e-01   1.06771650174000e-01   3.00374696392000e-01   1.44011800886635e-02
 2.79454008096000e-01   9.54601923665000e-01  -1.03153403700000e-01   1.73252725207218e-02
 8.02768960808000e-01   2.37852237119000e-01  -5.46798234142000e-01   1.44085628673731e-02
-6.39826647957000e-01   2.33381658359000e-01   7.32225963829000e-01   1.50049684961906e-02
 5.46114373760000e-02  -3.74736276443000e-01   9.25521644277000e-01   7.48514103816911e-03
-1.00560146439000e-01   4.79987058070000e-02  -9.93772499715000e-01   1.39618970550890e-02
-7.49237731473000e-01   9.97316727570000e-02  -6.54749123853000e-01   1.41998054698686e-02
 1.01088258960000e-02  -7.40242141123000e-01  -6.72264370724000e-01   1.62965397563322e-02
-4.57581304003000e-01  -1.53605984392000e-01   8.75799378731000e-01   4.44394111529147e-03
 2.50983217486000e-01  -7.09982706454000e-01  -6.57975669062000e-01   1.54533010844588e-02
 4.55336833001000e-01   4.09929693273000e-01  -7.90332850821000e-01   1.01884572774507e-02
-6.92755268756000e-01   2.11674523462000e-01  -6.89408466534000e-01   1.52647328380875e-02
-4.92020127649000e-01  -5.01175471110000e-01   7.11856264386000e-01   3.43789376641760e-03
-9.74425244157000e-01  -1.14942832671000e-01  -1.93089587413000e-01   1.64801659413783e-02
-9.87087885717000e-01  -8.52692761720000e-02   1.35597405621000e-01   1.10134526576907e-02
-2.15725669628000e-01   7.55305937290000e-02   9.73528409896000e-01   2.03589781112470e-02
 4.50367977350000e-01   8.70780355651000e-01  -1.97256830528000e-01   1.66962573842421e-02
-7.90331303989000e-01  -1.98917732818000e-01  -5.79489573251000e-01   1.52750636455919e-02
 5.67434726119000e-01  -6.56184466474000e-01  -4.97433189035000e-01   1.54694790136570e-02
 3.22113126823000e-01   7.00093446303000e-01   6.37269409255000e-01   1.15021003493163e-02
-1.22552846604000e-01  -8.58688031553000e-01   4.97630047583000e-01   1.36190400355528e-02
-8.73523698346000e-01  -4.84383123089000e-01   4.82632209320000e-02   1.09677500376035e-02
-5.77067362774000e-01  -7.75318382547000e-01   2.56660601778000e-01   1.63694885271483e-02
-7.77404913427000e-01   2.07721328109000e-01  -5.93711588592000e-01   1.37087933783623e-02
-3.89032897947000e-01  -9.21136932561000e-01   1.26552671780000e-02   1.21470712116705e-02
-8.88207668821000e-01   4.44077927834000e-01  -1.17821606922000e-01   1.23224595077278e-02
-7.86383560759000e-01   2.88151816601000e-01   5.46415067469000e-01   1.64241794567600e-02
 9.48931924863000e-01   1.98230580259000e-01  -2.45423794742000e-01   1.32251923044116e-02
-5.44429015339000e-01  -7.06683983630000e-01   4.51879181350000e-01   1.68265224636323e-02
 5.02789890401000e-01  -7.95321945597000e-01   3.38622694105000e-01   8.19691480447390e-03
 8.00392771766000e-01  -4.72045143849000e-01  -3.69519678872000e-01   9.76747451788506e-03
 2.73816111252000e-01   3.50223653925000e-01   8.95750037371000e-01   1.65728547812348e-02
-4.48397002110000e-02  -8.11182323879000e-01  -5.83071726901000e-01   1.38716650317811e-02
 1.66196724225000e-01  -4.27419217886000e-01   8.88645858055000e-01   2.09911575968038e-02
-6.92116979241000e-01   7.18778814277000e-01  -6.58111175510000e-02   1.81799795949736e-02
 8.84106186808000e-01   3.02577345596000e-01   3.56094370048000e-01   1.75198526792336e-02
-2.31040327389000e-01  -9.63343973383000e-01  -1.36340588479000e-01   1.12349241437687e-02
-5.09605636768000e-01  -7.83123935622000e-01   3.56397245262000e-01   1.70911077485630e-02
-2.87144783764000e-01  -6.39626239525000e-01   7.13040073816000e-01   2.10682351562540e-02
-8.17909507973000e-01  -3.50241682864000e-01   4.56458979922000e-01   8.89074039943687e-03
-2.80529131067000e-01  -3.16609578620000e-01   9.06124594826000e-01   1.31709151645955e-02
-1.00286340420000e-01  -8.69787357135000e-01  -4.83127936777000e-01   1.03103414985549e-02
-9.75814570925000e-01   1.27676225910000e-01   1.77439298092000e-01   1.19716279075312e-02
 2.65486287780000e-01  -5.72027079087000e-01   7.76081214689000e-01   1.75911320903133e-02
-9.40818081842000e-01  -9.69036782200000e-03   3.38773425244000e-01   1.21699243556402e-02
-2.85032661528000e-01   9.58492167982000e-01   7.01040502600000e-03   1.29155635954464e-02
 1.51864135587000e-01   9.82075137775000e-01   1.11649935450000e-01   1.63373056543439e-02
-4.09142877884000e-01  -3.35376188800000e-02  -9.11853789594000e-01   1.59853911174997e-02
-9.02162263073000e-01  -1.67364627904000e-01  -3.97608265021000e-01   1.71410239702550e-02
 1.68718695943000e-01  -9.85526336198000e-01   1.64876408000000e-02   9.16363511543102e-03
 9.78726780656000e-01  -1.82388932810000e-02  -2.04355649782000e-01   1.16154656122876e-02
 2.70488937697000e-01  -3.56205898042000e-01  -8.94400968684000e-01   1.37731832011599e-02
 6.23245020184000e-01   6.44686850768000e-01  -4.42656197588000e-01   1.58271386941572e-02
-1.11273044338000e-01  -9.81103160399000e-01  -1.58287391342000e-01   2.06914224130352e-02
 5.68746052154000e-01   7.32845684076000e-01  -3.73450306587000e-01   1.53980036852407e-02
-6.44141451040000e-01   7.63507987027000e-01   4.62314265300000e-02   1.30558120047704e-02
 8.93816473016000e-01  -5.72295988830000e-02  -4.44766102100000e-01   1.54110894031118e-02
 7.72393045649000e-01  -4.09609455526000e-01  -4.85416395454000e-01   1.83266902017484e-02
 6.21826578196000e-01  -6.05618790127000e-01   4.96545655196000e-01   1.93168594566017e-02
 3.90314965230000e-01  -3.32272757028000e-01  -8.58632076535000e-01   1.08948246294813e-02
 6.69271115176000e-01   5.46806695808000e-01  -5.03069191872000e-01   1.08892172297387e-02
-2.32363212822000e-01   2.78692328836000e-01   9.31846512670000e-01   1.60385825735334e-02
 7.53141125150000e-01  -5.57200943953000e-01   3.49722109203000e-01   1.71911724681041e-02
 5.16046388823000e-01   8.52826565838000e-01  -7.98935115260000e-02   1.20242022668828e-02
-6.94653707996000e-01   7.56449366300000e-03   7.19304528279000e-01   1.62148225333363e-02
-7.53368934750000e-01   6.15805609537000e-01   2.30691784457000e-01   1.41276277587659e-02
 5.17573096622000e-01   5.97205321757000e-01   6.12751085938000e-01   1.00173841066658e-02
 3.95042941549000e-01   8.64374739786000e-01  -3.11122778903000e-01   1.44963387566027e-02
 2.60487994300000e-01   3.78655485099000e-01  -8.88125007209000e-01   1.04848827784116e-02
 5.11816362940000e-02   3.32624691087000e-01  -9.41669397924000e-01   1.10214440612947e-02
 8.14079871940000e-01  -3.32039202543000e-01   4.76470282469000e-01   1.55127858418899e-02
-7.94886131772000e-01  -5.30981841870000e-01   2.93622753073000e-01   1.87218578787930e-02
 4.24593436939000e-01   5.20875703862000e-01  -7.40546362111000e-01   1.78175989949630e-02
-9.51055315049000e-01  -2.94610802307000e-01   9.32644781350000e-02   1.01929722576559e-02
-3.04446959247000e-01   3.62971334794000e-01   8.80661035316000e-01   2.25359670839078e-02
 6.34862694743000e-01  -5.56628699512000e-01  -5.35830056737000e-01   1.83267028693393e-02
 2.18263473830000e-01   2.48525876719000e-01   9.43713910352000e-01   1.03941336701260e-02
-6.16600870055000e-01   6.81999558766000e-01   3.93293743773000e-01   1.58988414628807e-02
-6.44061969799000e-01   7.45228561410000e-01  -1.72680544119000e-01   1.01711201803336e-02
-2.41654285755000e-01  -8.17469775973000e-01   5.22825373855000e-01   6.46935301385551e-03
-9.64033073820000e-02   9.41838470741000e-01  -3.21942071431000e-01   1.49822167877853e-02
-9.47598244500000e-03   1.44785244295000e-01  -9.89417727146000e-01   1.14011356317300e-02
-2.84637177087000e-01  -9.01396559894000e-01   3.26291157144000e-01   8.37571435044951e-03
 8.10902138983000e-01   5.69952296029000e-01   1.32635218716000e-01   1.40829384461135e-02
 6.08837286286000e-01  -7.31507058344000e-01   3.06943940191000e-01   1.42451609706869e-02
-6.34994726639000e-01  -9.10062736060000e-02   7.67137246720000e-01   6.00406686013335e-03
 3.33923030659000e-01  -7.09162528654000e-01   6.20954038194000e-01   1.74541475307128e-02
-3.47848669059000e-01   9.32046010214000e-01  -1.01447219175000e-01   1.33718912150209e-02
 7.57747566426000e-01   5.94084025374000e-01  -2.69968139548000e-01   1.44127197684580e-02
 5.27390826472000e-01   1.22684791704000e-01   8.40718358333000e-01   2.02806301537656e-02
 8.34129772920000e-02   9.72906862862000e-01   2.15625859800000e-01   1.56353799814681e-02
-6.68816600217000e-01  -6.73555882808000e-01  -3.14653504683000e-01   1.65770371428865e-02
 6.68604264271000e-01  -7.40824242157000e-01   6.44032610260000e-02   2.13559716847954e-02
 6.99385785264000e-01   6.85928300710000e-01  -2.00902687032000e-01   1.46924333472611e-02
-6.59279958313000e-01   1.06031119981000e-01  -7.44383864792000e-01   1.09295265163395e-02
-2.21816417219000e-01   6.20662062170000e-02  -9.73111125770000e-01   1.47275865179239e-02
 2.35503482778000e-01  -7.85152627096000e-01  -5.72776973842000e-01   1.47574126298363e-02
 3.91027818556000e-01  -2.92758255770000e-01   8.72576557555000e-01   1.37650811386889e-02
 8.43673811668000e-01  -3.64342774168000e-01  -3.94295374583000e-01   1.29197753729985e-02
 2.01181337779000e-01   7.07301077877000e-01   6.77680791054000e-01   1.98206042012426e-02
 8.03815902223000e-01   4.92692334451000e-01  -3.33368053219000e-01   1.25486811001246e-02
 3.35077681332000e-01   1.24062459687000e-01  -9.33986859420000e-01   1.62238864355448e-02
 2.18529542160000e-01   7.56321021076000e-01  -6.16622536307000e-01   1.40330535850958e-02
-7.99469375185000e-01   3.04602426928000e-01  -5.17750982279000e-01   1.27437305269131e-02
-5.26924925298000e-01  -7.01900869864000e-01  -4.79254934231000e-01   1.79392657835683e-02
 8.81865040410000e-01   4.55171621569000e-01   1.23015630798000e-01   1.19905864427425e-02
-7.45541307905000e-01  -3.45088608099000e-01   5.70159636215000e-01   1.35370758403786e-02
 1.42974151735000e-01  -3.72656438603000e-01  -9.16889072191000e-01   1.80627529112334e-02
 7.61584695151000e-01   6.04442907511000e-01   2.33746708365000e-01   1.18365371473519e-02
 3.87387393547000e-01  -5.26120524696000e-01  -7.57052310487000e-01   9.84470988312308e-03
-1.13082274067000e-01   4.70795296734000e-01  -8.74965249518000e-01   1.15000948301416e-02
-7.16607788520000e-02  -6.45258185352000e-01   7.60596218114000e-01   1.84365071384207e-02
-1.20305519458000e-01  -1.74465491436000e-01  -9.77286229457000e-01   1.32063969638487e-02
-1.30888160860000e-01   7.62794709226000e-01   6.33255494191000e-01   3.61563524837877e-03
 5.56126248066000e-01  -3.96444403576000e-01  -7.30448787448000e-01   9.01775816589112e-03
 6.36639600828000e-01   7.63725610087000e-01  -1.06832631513000e-01   1.49818121577875e-02
 3.63305849747000e-01  -6.11022800262000e-01   7.03320692927000e-01   7.48475863223341e-03
-7.10896258910000e-02  -5.47001221340000e-01   8.34107864094000e-01   4.21650107400163e-03
 8.53848029513000e-01  -4.85816763959000e-01   1.86883959595000e-01   1.61048663993165e-02
-1.84102096793000e-01  -2.75383224402000e-01  -9.43541465795000e-01   1.29155710692186e-02
 2.76173370634000e-01  -1.16957623438000e-01   9.53964980318000e-01   1.62166714012352e-02
-4.46516377387000e-01   4.87953077824000e-01   7.50016612194000e-01   1.18252551325936e-02
 4.88235068427000e-01  -4.37073003000000e-01   7.55376533926000e-01   1.17036802083895e-02
-9.98315750096000e-01  -5.68202027380000e-02   1.17101524730000e-02   1.62040163644878e-02
-3.67327937640000e-02  -8.19662632521000e-01   5.71667622583000e-01   7.50644965741343e-03
-5.31834409620000e-02  -6.62680107441000e-01  -7.47011778227000e-01   1.27041630842753e-02
 8.02013951069000e-01   2.44180969470000e-01   5.45114003159000e-01   1.68372191371160e-02
-2.84150645739000e-01   9.30665103308000e-01   2.30479665069000e-01   1.39642461726425e-02
-5.31757094495000e-01   4.10126017177000e-01   7.40966289711000e-01   1.56450084944494e-02
 9.09223329200000e-03  -8.78835231696000e-01   4.77038747717000e-01   2.13273540765500e-02
-7.79161480320000e-01   5.75188417260000e-01  -2.49129830079000e-01   1.23184671555687e-02
 9.11331022567000e-01   5.95080211520000e-02  -4.07350663096000e-01   1.32975865948288e-02
-9.10001031799000e-01   3.57836238625000e-01  -2.09407135625000e-01   1.55638417103458e-02
 5.36129275771000e-01   6.71007933528000e-01   5.12165747395000e-01   1.74141291593673e-02
 6.30448300905000e-01   6.46959995558000e-01   4.28926222133000e-01   9.30826003058179e-03
 8.84119299498000e-01  -4.40373394242000e-01  -1.56218878178000e-01   8.84940766751209e-03
-7.99757721452000e-01   4.91158023684000e-01  -3.45183114809000e-01   1.71967902777995e-02
 1.92600844054000e-01   5.96630848042000e-01  -7.79061323668000e-01   1.40892657347375e-02
 7.90955413934000e-01  -4.45780438682000e-01   4.19129256504000e-01   8.74830164665838e-03
 2.12820811991000e-01  -8.35248032520000e-01   5.07018763119000e-01   1.80536605541486e-02
-4.82209156516000e-01  -2.74702958576000e-01   8.31872955397000e-01   1.46829648091166e-02
 4.62599370761000e-01  -8.73269611938000e-01   1.52977145475000e-01   1.03704225345212e-02
 5.19342866523000e-01   3.30332774694000e-01   7.88139102541000e-01   1.56563881329164e-02
-1.62469949306000e-01   9.86703828963000e-01   4.36686174800000e-03   9.78543171377527e-03
-1.61826066145000e-01   8.81932481797000e-01   4.42727254488000e-01   3.55857675448649e-03
-8.21015705700000e-03   7.77259670757000e-01   6.29126376443000e-01   2.35598173630205e-02
 7.03707615855000e-01  -2.45628930580000e-01  -6.66679848091000e-01   1.09741794823426e-02
 9.42395072646000e-01   3.25294451751000e-01  -7.79425860000000e-02   1.21233614675237e-02
 3.58937413870000e-02   8.52763114194000e-01  -5.21063057988000e-01   1.48400452387897e-02
 1.29311893344000e-01  -9.82328714693000e-01   1.35309757701000e-01   1.98629600464912e-02
 3.24535098883000e-01   4.44488758457000e-01   8.34929166575000e-01   1.41172114862371e-02
 2.16164224377000e-01   9.52445277515000e-01  -2.14758053256000e-01   1.34287166577300e-02
 9.61543173752000e-01  -2.26010369152000e-01  -1.56057803546000e-01   1.23302244518825e-02
-3.48042984572000e-01   8.86149311187000e-01  -3.05950125303000e-01   1.56497880667315e-02
 9.31318550307000e-01   2.65386989709000e-01   2.49430358112000e-01   1.42067595025079e-02
 9.00807438538000e-01   2.92364490309000e-01  -3.21043553868000e-01   1.32613261484567e-02
 7.45379857498000e-01  -6.40832031570000e-02   6.63552719164000e-01   1.46906137610239e-02
 8.18655111781000e-01  -2.90326936891000e-01  -4.95493771575000e-01   1.03597304505976e-02
-5.81058683394000e-01  -3.00452414203000e-01   7.56372364152000e-01   5.09444054840348e-03
-3.30781430461000e-01   5.46415787383000e-01   7.69424091487000e-01   2.42468489095213e-02
 4.00500821853000e-01   9.11492947620000e-01  -9.37000434070000e-02   1.30690556759968e-02
 3.79047006524000e-01  -5.09887952142000e-01   7.72229009495000e-01   1.98364725289621e-02
 5.72923066049000e-01  -8.12570509497000e-01   1.07183615744000e-01   1.11975171082439e-02
-7.94008521639000e-01   5.21487222309000e-01   3.12412458992000e-01   1.27439260669435e-02
-9.14735551526000e-01  -3.20304081531000e-01  -2.46300966560000e-01   1.74857879332639e-02
-1.62692266738000e-01  -9.38395424504000e-01   3.04869240188000e-01   1.17439983230114e-02
-9.59897348923000e-01   2.45854089208000e-01   1.34732499236000e-01   1.50765336700547e-02
-9.63200007491000e-01  -2.66647265244000e-01  -3.38375753720000e-02   1.74657410805598e-02
-8.25597989853000e-01   5.47531829198000e-01  -1.36370286959000e-01   1.68519539370642e-02
-3.97840450176000e-01   8.07233290893000e-01   4.36001594352000e-01   1.95734198323630e-02
-7.35501089010000e-01   4.08317124781000e-01  -5.40661884801000e-01   1.58041085189489e-02
 5.99151717885000e-01  -4.80594063608000e-01  -6.40348783852000e-01   1.55378912573939e-02
-4.79056142832000e-01  -6.57845135796000e-01  -5.81158316919000e-01   1.27812271252996e-02
-2.23189296471000e-01  -8.57242530042000e-01  -4.64027782173000e-01   1.24098700497924e-02
-3.00800261040000e-02  -9.20399906973000e-01  -3.89819449583000e-01   1.32684287644830e-02
 1.05739786786000e-01   5.23071877357000e-01  -8.45703794841000e-01   1.00754554411051e-02
 5.60496338003000e-01   4.17234587721000e-01   7.15373436671000e-01   9.28059150629443e-03
-1.62807781767000e-01   7.72044440535000e-01  -6.14362277516000e-01   1.53779598873593e-02
 8.33699345219000e-01   5.09328875897000e-01  -2.13376423157000e-01   1.46613875121625e-02
-3.59288638975000e-01  -9.04001352841000e-01   2.31717992321000e-01   1.39904364619962e-02
 7.24825468180000e-02  -7.29667550340000e-02  -9.94697005659000e-01   1.06671435772690e-02
 7.41699791872000e-01  -3.31027327166000e-01  -5.83354375492000e-01   1.40840743756927e-02
-2.43237087366000e-01  -1.61741822467000e-01  -9.56386586164000e-01   1.54470287945936e-02
-5.98805931496000e-01  -7.59226411615000e-01  -2.54964139267000e-01   1.32290631145175e-02
-7.33992438540000e-01  -2.36717301706000e-01   6.36568943037000e-01   9.51218599325113e-03
-5.66900540735000e-01  -7.35935987759000e-01  -3.70164826578000e-01   1.14453441958119e-02
 6.29041406263000e-01   9.24608493000000e-02   7.71853548643000e-01   1.42860505215680e-02
 5.53397504856000e-01  -1.89146432136000e-01  -8.11156476168000e-01   1.16651332733711e-02
-4.34725644763000e-01  -2.61512686244000e-01  -8.61756768885000e-01   1.60070840091564e-02
-8.07224618297000e-01   3.99545268477000e-01  -4.34455974816000e-01   1.40007162119262e-02
-8.24478227240000e-02   9.65164574900000e-02   9.91910746974000e-01   2.43772439890451e-02
-4.92839913192000e-01  -3.89518613995000e-01   7.78064309242000e-01   2.21965082054191e-02
 3.72387672413000e-01  -7.66586110671000e-01  -5.23137798635000e-01   1.65888217951741e-02
-3.46749058607000e-01  -9.31243370294000e-01  -1.12030690614000e-01   1.00983718734755e-02
 5.94848147373000e-01  -6.89160851480000e-02  -8.00878426963000e-01   1.30670245387451e-02
 2.15360834209000e-01   9.76534090917000e-01   9.38278313000000e-04   1.08477824788782e-02
 1.52633064230000e-02   4.42488046943000e-01  -8.96644500228000e-01   1.81357576215348e-02
 3.58519277703000e-01  -7.00657417794000e-01  -6.16881763716000e-01   9.75326078754184e-03
-3.70959595816000e-01   4.36643260632000e-01   8.19592362834000e-01   3.54106595077673e-03
-3.76841735952000e-01  -2.39576913369000e-01   8.94758743252000e-01   2.58504869855527e-02
 3.10178040948000e-01   5.63390412891000e-01  -7.65755068919000e-01   9.18888438167046e-03
 4.13708376164000e-01   1.46171324768000e-01   8.98598532888000e-01   7.81278034079638e-03
 8.41620194204000e-01   1.21521342374000e-01   5.26220497563000e-01   1.03079029952125e-02
 5.77762949967000e-01   2.47630617417000e-01  -7.77733277520000e-01   1.11664541327436e-02
-6.94194295579000e-01  -6.93629344867000e-01  -1.92282635529000e-01   1.21527924313297e-02
 1.21230605399000e-01   9.27602052360000e-02  -9.88280670983000e-01   1.63489292755912e-02
 8.77802417656000e-01  -2.41448143357000e-01   4.13721778042000e-01   1.04449653324872e-02
 2.10067487085000e-01   1.86463516233000e-01  -9.59741115085000e-01   1.20939464660207e-02
-5.91914600591000e-01   2.27275972300000e-02   8.05680185887000e-01   2.23445430732973e-02
-4.57567373685000e-01  -7.89199108533000e-01  -4.09630157128000e-01   1.20798081765748e-02
-2.76330232717000e-01   7.58122999253000e-01  -5.90670060601000e-01   1.07320804625299e-02
-2.63710798840000e-02   7.93977487212000e-01  -6.07374938523000e-01   9.80763958179663e-03
-5.61335110570000e-02  -1.02273107113000e-01   9.93171304709000e-01   2.85900908079323e-02
-4.94339179818000e-01  -8.17384273134000e-01  -2.95823807917000e-01   1.79019707775292e-02
 1.36578065816000e-01  -7.32926261124000e-01  -6.66457446273000e-01   1.48753782115148e-02
 1.62030767995000e-01   6.26435592459000e-01   7.62446377605000e-01   1.11402755924820e-02
 2.88727494138000e-01  -8.32051181516000e-01  -4.73631993710000e-01   1.23335056139837e-02
 7.49916145495000e-01   3.63227657613000e-01   5.52893699974000e-01   1.95028015762311e-02
 2.75596386087000e-01  -4.68331485092000e-01   8.39471412287000e-01   8.92631873306101e-03
 9.81065072130000e-02   7.81623597756000e-01  -6.15986740663000e-01   1.84929464920115e-02
-2.41566689860000e-01  -9.47276798102000e-01   2.10504636831000e-01   2.00833526563426e-02
 6.66744608555000e-01  -6.36807029798000e-01   3.87205931983000e-01   6.63296701919087e-03
 2.70637229513000e-01   6.63433162862000e-01  -6.97575751024000e-01   1.89616873737840e-02
 4.67089192440000e-01  -6.81790546137000e-01  -5.63018061436000e-01   1.71133465473891e-02
 8.82550325447000e-01   3.91130801364000e-01   2.61001186353000e-01   6.63458054951965e-03
-4.06222685500000e-02  -9.59905461889000e-01   2.77364986136000e-01   2.09516955856905e-02
-1.75745708320000e-01  -4.77830812029000e-01  -8.60692256897000e-01   1.38110311979133e-02
 7.99094297787000e-01   1.16886640466000e-01  -5.89733682711000e-01   1.37477829001463e-02
-6.25114055391000e-01   3.14903163283000e-01  -7.14190741684000e-01   1.33435157755283e-02
-4.57811593695000e-01  -8.84968798303000e-01  -8.50809656020000e-02   1.90960576272489e-02
 1.69587324868000e-01  -1.99977486427000e-01   9.65012509850000e-01   1.25202123345954e-02
-9.75797890626000e-01   9.60546433000000e-03   2.18463296012000e-01   1.58358024543625e-02
 2.07294577416000e-01  -8.88715235039000e-01  -4.08918316029000e-01   1.27472934234453e-02
 1.65210968800000e-01  -8.14558515740000e-02   9.82888742449000e-01   1.60241647771515e-02
 3.31100600736000e-01  -4.43653985290000e-01  -8.32792611356000e-01   1.69282370441738e-02
 1.80776069703000e-01  -3.48653663930000e-02  -9.82906108868000e-01   1.46581633940967e-02
-3.42824106413000e-01   8.76577760755000e-01   3.37761841262000e-01   6.64932120185605e-03
 6.80013522113000e-01   1.85233783319000e-01   7.09415291110000e-01   1.84078014982212e-02
 6.15166986557000e-01   7.45411867757000e-01  -2.56769791948000e-01   1.47123142773033e-02
 7.55411692104000e-01  -1.86529549835000e-01   6.28140034126000e-01   1.60373800627398e-02
 4.06165632156000e-01   6.14116424300000e-01   6.76676064790000e-01   1.73248099341898e-02
 8.67665034582000e-01  -2.28273946700000e-03   4.97144020244000e-01   1.44707651046014e-02
-5.15405243206000e-01  -1.92499791450000e-02  -8.56730338893000e-01   9.64685240424802e-03
 7.11337144769000e-01  -5.29818919135000e-01   4.61834796652000e-01   1.52812111003035e-02
 5.38963420012000e-01   1.50964615418000e-01  -8.28690603772000e-01   1.54159444178405e-02
-3.65949444890000e-01  -3.53983352354000e-01  -8.60683908320000e-01   1.27663336011450e-02
 5.11577933574000e-01  -8.30396908541000e-01  -2.20746443156000e-01   1.33750963916763e-02
-6.68267235015000e-01  -4.37251191155000e-01   6.01855712309000e-01   7.75869320893195e-03
 6.37606340223000e-01   4.06434381997000e-01  -6.54422835816000e-01   1.15745725019383e-02
-9.58220283051000e-01   2.85452286279000e-01   1.81901458830000e-02   1.26072258574388e-02
 4.44082374658000e-01  -2.17709173225000e-01  -8.69133798912000e-01   1.18730063259957e-02
-2.89289189908000e-01   1.66878655945000e-01   9.42583300718000e-01   1.86702295535874e-02
 1.95210206059000e-01  -6.40072236202000e-01  -7.43101949865000e-01   1.04412542560585e-02
-3.38521526896000e-01   7.41659209680000e-02  -9.38031231887000e-01   1.10407047513010e-02
 8.35109751750000e-01   4.97625515408000e-01   2.34436662975000e-01   1.90971303290940e-02
 6.82624073801000e-01  -7.28265115607000e-01  -6.04507672220000e-02   1.04517202750981e-02
-7.07665196464000e-01  -2.68480770493000e-01  -6.53550338986000e-01   1.07989879035808e-02
-5.93628280260000e-02  -3.32646113271000e-01   9.41181501080000e-01   1.43678659090546e-02
 8.24211150089000e-01   3.33124888799000e-01   4.57934262238000e-01   8.02690877102008e-03
 7.78672732354000e-01  -3.72047119100000e-03  -6.27419264912000e-01   1.50824975246017e-02
-1.81668291577000e-01   3.95071936082000e-01   9.00508077229000e-01   5.29756306829137e-03
-7.28148523583000e-01  -5.77754056322000e-01  -3.68781748473000e-01   1.18241767044997e-02
-8.42387605154000e-01   3.11673845926000e-01   4.39593603739000e-01   1.47470768348098e-02
-2.76792910402000e-01   6.81518804206000e-01  -6.77434723250000e-01   1.67497432649270e-02
 8.97791810052000e-01  -4.38943753867000e-01  -3.60311912790000e-02   2.16293018933681e-02
 2.44856354130000e-01   5.38503514191000e-01   8.06262569543000e-01   1.78864069740303e-02
-2.58338381456000e-01   1.79005147276000e-01  -9.49325254017000e-01   1.57534835911227e-02
 6.18944586690000e-01   7.21490321647000e-01   3.10417967226000e-01   1.16892603433944e-02
-8.77362005513000e-01  -4.31522324285000e-01  -2.09819910700000e-01   1.31090041912878e-02
 8.48639889373000e-01   5.28033848927000e-01   3.14736802990000e-02   1.20429330632709e-02
-2.36839082258000e-01   4.88505998314000e-01  -8.39803035674000e-01   1.16736512591184e-02
-8.73418557361000e-01   4.75728806131000e-01   1.04029450994000e-01   1.49372253101195e-02
 9.39543005708000e-01  -3.34052107309000e-01  -7.52869844470000e-02   1.10505993986335e-02
-5.22624028549000e-01   5.29775262144000e-01   6.67983754595000e-01   1.85730385270791e-02
 5.38681740190000e-01  -5.85617756036000e-01  -6.05701103351000e-01   8.44475097936029e-03
 3.25700397427000e-01  -2.39505032129000e-01  -9.14634676087000e-01   1.79767133600887e-02
-5.45306264044000e-01   2.96840432727000e-01   7.83917620603000e-01   4.94556012233970e-03
 7.20377602584000e-01   8.13268626050000e-02  -6.88797540003000e-01   1.36714855844968e-02
 1.43727367025000e-01   9.37742620391000e-01   3.16198073793000e-01   1.85038717302008e-02
 2.26981947448000e-01   4.91912306485000e-01  -8.40536422923000e-01   1.77167656815049e-02
 4.87893122163000e-01  -9.68684183780000e-02  -8.67511850563000e-01   1.74041116094326e-02
 3.97953272301000e-01   8.68090973656000e-01   2.96734316388000e-01   8.24314186506533e-03
 8.06189946977000e-01  -5.81736546045000e-01   1.07890501847000e-01   2.09151937252975e-02
 7.20546631844000e-01   2.75440784391000e-01   6.36352831086000e-01   7.35221357433267e-03
 8.84745068360000e-01  -2.57952230000000e-01  -3.88183991234000e-01   1.69223424010360e-02
-1.55252750900000e-01  -7.83450250362000e-01   6.01749356913000e-01   2.06836885559241e-02
 6.87973581022000e-01   4.75898058562000e-01   5.47917320106000e-01   1.00603298829186e-02
-8.66232696714000e-01   4.35459814867000e-01   2.44980947789000e-01   1.58887597708516e-02
 3.98091554935000e-01   7.63656234214000e-01  -5.08283650963000e-01   1.42540803058183e-02
 9.51124859307000e-01   5.94863449590000e-02   3.03022898098000e-01   1.48819103632265e-02
 8.31457601713000e-01   4.22350642638000e-01   3.60968407504000e-01   1.87393236161845e-02
 7.70020701410000e-02  -2.78396761547000e-01  -9.57374495354000e-01   1.18374747541151e-02
-1.57653618634000e-01   8.93762931322000e-01  -4.19920419993000e-01   1.44065734536873e-02
 8.45942472200000e-01   5.26073720051000e-01  -8.73371329950000e-02   1.25193594005422e-02
 1.58731400123000e-01  -5.33529657643000e-01   8.30752939827000e-01   1.01992025310553e-02
 4.94773346928000e-01  -3.27119963228000e-01   8.05103636079000e-01   1.83805489427708e-02
 1.39862875987000e-01  -9.70074546222000e-01  -1.98478590013000e-01   1.07087074259675e-02
-9.73622617089000e-01   1.25423860690000e-02  -2.27819419812000e-01   1.07973855541459e-02
 8.35473527100000e-03  -1.80101392610000e-01  -9.83612569449000e-01   1.37399445843480e-02
 2.52281091650000e-02  -8.67471030703000e-01  -4.96847615873000e-01   1.73683219723071e-02
-7.46022261915000e-01  -4.44179352480000e-01   4.96140592533000e-01   1.97471636687613e-02
 5.59943778220000e-01   3.63547894794000e-01  -7.44510505919000e-01   1.53202035268060e-02
-5.55558572846000e-01   1.02716949204000e-01  -8.25108417412000e-01   1.56912283106501e-02
-1.68873622591000e-01  -1.44750536136000e-01   9.74950758696000e-01   1.00819519141667e-02
-5.75973089396000e-01  -4.39029134590000e-01  -6.89571185065000e-01   1.12282844190280e-02
-3.89948712647000e-01  -3.57804011941000e-01   8.48478809720000e-01   1.91103973534585e-03
-7.12671252105000e-01   6.04651208939000e-01   3.55663607854000e-01   1.66328568180117e-02
 9.27801715997000e-01  -1.49075107230000e-01   3.41995011948000e-01   1.51429902809942e-02
 9.98719286333000e-01   1.22260469110000e-02   4.90949170790000e-02   1.43177598525259e-02
-3.25915221932000e-01   4.00740401337000e-01  -8.56263043024000e-01   1.23857379205839e-02
 3.32029757216000e-01   9.19053073999000e-01   2.12362161166000e-01   1.59941336752317e-02
-7.24952201383000e-01   1.37750642889000e-01   6.74884483518000e-01   1.97070413736375e-02
 7.38261726508000e-01   6.65624673282000e-01   1.09148602793000e-01   1.30320632291565e-02
-4.33245814889000e-01  -1.30979112830000e-02   9.01180619300000e-01   2.58571108077801e-02
 5.78679106840000e-02  -1.29914453871000e-01   9.89835107272000e-01   6.71073697208734e-03
 5.90989573119000e-01   8.06677112689000e-01   1.83312003400000e-03   1.50127926811957e-02
-9.57140081550000e-02   8.46689437061000e-01  -5.23407896208000e-01   1.62176060678309e-02
 7.82803198093000e-01   6.05014584329000e-01  -1.45521496021000e-01   1.41885668384672e-02
 5.91748592215000e-01  -2.44396685384000e-01   7.68182181377000e-01   1.57995498227784e-02
-6.37536569751000e-01  -7.55208684676000e-01   1.52338323547000e-01   8.15827386356095e-03
 9.92784879648000e-01   1.13871513046000e-01  -3.75694191980000e-02   9.68271289992863e-03
-9.04389723249000e-01  -4.04704856805000e-01   1.35252383933000e-01   1.79683088559925e-02
-3.54692691726000e-01  -7.62612508775000e-01   5.40939234938000e-01   2.05940382414334e-02
-3.71424669451000e-01   6.05549546169000e-01  -7.03813513693000e-01   1.31839851343815e-02
 1.14597638138000e-01   2.10460528130000e-02   9.93189027826000e-01   1.82976985286464e-02
 7.45442861896000e-01  -5.73804706471000e-01  -3.39209520033000e-01   1.66533592631277e-02
-9.40414017393000e-01   2.21875433180000e-01   2.57667941431000e-01   1.40803026757578e-02
-8.07052253738000e-01  -5.83557164421000e-01   9.01537330900000e-02   1.68952771329739e-02
-5.87063299408000e-01   7.60292711848000e-01  -2.78049770363000e-01   1.29467399414263e-02
-6.15249929854000e-01   1.36025450800000e-03  -7.88330941624000e-01   1.61614990805880e-02
 3.06572844202000e-01  -8.87143084637000e-01  -3.44949617449000e-01   1.47839314732141e-02
 7.20126681340000e-01   6.09522986670000e-02   6.91160169649000e-01   9.47657338518835e-03
 5.93013055166000e-01  -8.05004273899000e-01  -1.74251372380000e-02   1.10770881939385e-02
 4.60486926048000e-01  -7.68387672351000e-01   4.44445920127000e-01   1.79013928383464e-02
 1.40813220567000e-01  -1.68698439417000e-01  -9.75557519294000e-01   1.77755140851332e-02
-9.17393381624000e-01   3.35466333419000e-01   2.14130153167000e-01   1.32652876016552e-02
 6.90760554403000e-01  -4.48501029972000e-01  -5.67183112050000e-01   8.55754285980712e-03
 7.34022744630000e-01   2.03679049759000e-01  -6.47862219191000e-01   1.36009701344618e-02
 6.33687213272000e-01   7.63767942902000e-01   1.22878171909000e-01   1.41960662353939e-02
 8.70821834791000e-01  -4.87559848628000e-01   6.28866126970000e-02   6.57470307656212e-03
-4.83525689647000e-01  -6.03789973772000e-01   6.33751193312000e-01   1.80224480585169e-02
-7.13692039870000e-01  -6.17534438224000e-01   3.30597776511000e-01   1.38198584016813e-02
 7.90278347327000e-01   3.56337594353000e-01  -4.98481346288000e-01   1.25520320705411e-02
-5.78493970900000e-01   5.92450662968000e-01  -5.60666511912000e-01   1.07306676946931e-02
-6.57996583785000e-01   5.89237495048000e-01   4.68870632646000e-01   9.36720234391039e-03
 2.90239862492000e-01  -9.56932598442000e-01  -6.38938652400000e-03   1.54114969595556e-02
-4.11147369576000e-01   8.88745371649000e-01  -2.02705463330000e-01   1.60912117965270e-02
 9.69441584378000e-01   2.12475062411000e-01  -1.22626923355000e-01   1.42482831673454e-02
-8.82693474970000e-02   8.36621939250000e-01   5.40622098195000e-01   1.64799866076456e-02
 7.67754240300000e-02  -4.75257647454000e-01  -8.76490560589000e-01   1.26982495896839e-02
 1.39495770207000e-01   4.16048998448000e-01  -8.98578967584000e-01   1.39536823523654e-02
 9.87329964301000e-01  -8.35285869780000e-02   1.34916703009000e-01   1.70321172872448e-02
